-1.3607801779501496053370601657661609351634979248046875
-2.07619335407365301904292209655977785587310791015625
-0.29673981802808857555220356516656465828418731689453125
-0.77192561099673617786010026975418440997600555419921875
0.38352213026231229964224667128291912376880645751953125
-0.235110093740832637454474252081126905977725982666015625
-1.450922596462728364485883503220975399017333984375
1.313355117479681144487813071464188396930694580078125
0.01135064354107472028854175505330204032361507415771484375
-0.971823059031757363612769040628336369991302490234375
-0.332980555360425312105832063025445677340030670166015625
-0.210482916924828178384387911137309856712818145751953125
-0.318920623072785403007145532683352939784526824951171875
1.2766781022161686198757024612859822809696197509765625
0.059074672591745223948489496024194522760808467864990234375
-0.473728151801509234086751121139968745410442352294921875
1.1925869325073568116835076580173335969448089599609375
0.41942748701026932867108598657068796455860137939453125
0.659139647990348631623191977269016206264495849609375
0.93198188977782614461631283120368607342243194580078125
0.1323906324007082246918542978164623491466045379638671875
-0.4798277815811313740113064341130666434764862060546875
-0.006218720398103639961095989718842247384600341320037841796875
0.69998611831563584129156652124947868287563323974609375
-1.4830367993694089090439547362620942294597625732421875
-0.3848237293458776075993910126271657645702362060546875
-0.9502906247823015295494997189962305128574371337890625
-0.7108720738291156582278063069679774343967437744140625
-0.1260572796620782753951317545215715654194355010986328125
-1.123333626596139112052696873433887958526611328125
0.52618041116114067090592243403079919517040252685546875
0.2150033420298351760635569007718004286289215087890625
-0.30757538052881228107793276649317704141139984130859375
-1.1546646420973278868160605270531959831714630126953125
-1.9384145783605954971307028245064429938793182373046875
-0.172454402960375008380111694350489415228366851806640625
1.50974076702700177321503360872156918048858642578125
-0.330208170038882087293785616566310636699199676513671875
-0.5257905836806122668036778122768737375736236572265625
0.74123594437444551008553617066354490816593170166015625
-0.62058298640550735303378360185888595879077911376953125
-1.2603768306951081967781647108495235443115234375
-0.0763762592013806085322613625976373441517353057861328125
-0.2782300232834573616713669252931140363216400146484375
0.419870751014937815259742137641296721994876861572265625
1.0499302757891049164840069352067075669765472412109375
-1.0213961257519927894321654093801043927669525146484375
-0.029650338452173193026784048242916469462215900421142578125
-0.1506878435137943006427718728446052409708499908447265625
0.190305732133714988751904684249893762171268463134765625
1.594350487416309025689997724839486181735992431640625
1.646909991230816050489238477894105017185211181640625
-1.3960169038718515110986118088476359844207763671875
0.1535079065347938198637933737700222991406917572021484375
-1.3818796669943764765520199944148771464824676513671875
1.20276865505912677889455153490416705608367919921875
0.333772046994431026423200137287494726479053497314453125
-0.5714947609612004431056675457512028515338897705078125
-1.291388521218891138886419867048971354961395263671875
-0.5686287707961934501099676708690822124481201171875
0.586524910345584071791336100432090461254119873046875
0.8617323109381878065704540858860127627849578857421875
-0.180344213507221351466824899034691043198108673095703125
0.08139522349929084743536122914520092308521270751953125
-0.75957012120959721546142873194185085594654083251953125
-0.784485035188025481289741946966387331485748291015625
1.127464875756631901282389662810601294040679931640625
1.3615894563825305940696352990926243364810943603515625
0.07997701994546317638690169360415893606841564178466796875
-0.07016078248165515118817125994610250927507877349853515625
-0.95594633522589467222729808781878091394901275634765625
-0.1431406137529007416286930265414412133395671844482421875
0.5544691472208203020244354775059036910533905029296875
0.52869379503865510105953262609546072781085968017578125
0.81792529039279504576853696562466211616992950439453125
-0.354436348709896875686098383084754459559917449951171875
0.32909435187975011327665697535849176347255706787109375
0.03694193811672497052001062911585904657840728759765625
1.2136526536996090630537992183235473930835723876953125
-1.03776412053725497486311724060215055942535400390625
0.50632161032511058262883807401522062718868255615234375
0.86755925793698096537553965390543453395366668701171875
-0.86512557069490814143364332267083227634429931640625
-0.1565791197649093746679938021770794875919818878173828125
-1.2228665074189855044295427433098666369915008544921875
-0.965141422688467809365420180256478488445281982421875
-0.6123004922772798952479433864937163889408111572265625
-0.52016450193724461659172675354056991636753082275390625
-0.04339942469939130076372890698621631599962711334228515625
-0.32506666333236056143363157389103434979915618896484375
-0.420157812945793407433114907689741812646389007568359375
0.7391364506580615501007969214697368443012237548828125
-0.69060354247229793767104411017498932778835296630859375
1.105250076289951977059899945743381977081298828125
-0.294519985852602805831423893323517404496669769287109375
-0.2621754465040131432118641896522603929042816162109375
0.8533545454061945978452285999082960188388824462890625
-1.796497823751433742245353641919791698455810546875
-0.6636542457603462619175616055144928395748138427734375
-0.3408695349025372411944090345059521496295928955078125
-0.62028175431393062222440448749694041907787322998046875
-1.4276424003529457618100195759325288236141204833984375
1.073269668527420339643185798195190727710723876953125
-0.2513199049899430548293821630068123340606689453125
-0.312494240435667924860041466672555543482303619384765625
0.2318245351121475950062489346237271092832088470458984375
1.4025447095314247381026007133186794817447662353515625
0.74668622402817363958860141792683862149715423583984375
1.4606706587123639007330666572670452296733856201171875
1.3388448940739989811987697976292110979557037353515625
-0.7261509912363688368230896230670623481273651123046875
0.39992805835340605735694907707511447370052337646484375
-0.07432624937857991442857752417694428004324436187744140625
0.0339394625679880490576323381901602260768413543701171875
0.0036679654446320239351286840445709458435885608196258544921875
-0.30217088201680863956966049954644404351711273193359375
0.88192168764914613543481891611008904874324798583984375
1.6655876119791301892547608076711185276508331298828125
-0.79687022351660863339617435485706664621829986572265625
0.42480835257907134661081727244891226291656494140625
1.8606758516474661835360393524751998484134674072265625
1.135264034930765664199725506477989256381988525390625
-0.363843850000495849794646119335084222257137298583984375
-1.1338568756621445476895360116031952202320098876953125
-0.36249167190456066389714351316797547042369842529296875
0.92229338273073302456595001785899512469768524169921875
-0.76839027330117481984217420176719315350055694580078125
-0.61969127656957201377707633582758717238903045654296875
-0.4610182789943790826470149113447405397891998291015625
-0.22516487627134595950195716795860789716243743896484375
0.88292536567097823496652608810109086334705352783203125
0.260148251529378982116469387619872577488422393798828125
1.54898477904353892853350771474651992321014404296875
-0.240584114100285351156571778119541704654693603515625
0.211872181286122174270758478087373077869415283203125
-0.65560688183238757797965945428586564958095550537109375
0.50422632137199119295445370880770497024059295654296875
0.45038231126035110918337522889487445354461669921875
0.98141747558181446908776024429243989288806915283203125
-0.60441321441878581577356044363114051520824432373046875
0.35694216531127043179338897971319966018199920654296875
-1.7125226227948762147690331403282471001148223876953125
0.4376318080515346764514106325805187225341796875
0.00988328585025832762056552383000962436199188232421875
-0.61486375725586761564755988729302771389484405517578125
-0.452176237866187269442974638877785764634609222412109375
0.215611631017002813859306797894532792270183563232421875
0.922927899809705021283434689394198358058929443359375
-0.11628659811537690738081352037625038065016269683837890625
-0.091271118755593239058043764089234173297882080078125
0.80611692892145525579650211511761881411075592041015625
0.3299249183004440144628688358352519571781158447265625
0.32319458035146031438245017852750606834888458251953125
1.5577956430162889223112188119557686150074005126953125
-0.2337671310990766249116035169208771549165248870849609375
0.7832904390507653413777688911068253219127655029296875
-0.1949097875122782486112527067234623245894908905029296875
0.43962080472031284106293469449155963957309722900390625
0.67622640822046964359515186515636742115020751953125
0.98077229427886714052675642960821278393268585205078125
-0.8854735384186926960836672151344828307628631591796875
-0.9228563543502119603800792901893146336078643798828125
-0.5443636737136277048421106883324682712554931640625
-0.88408380768005223604433240325306542217731475830078125
-0.050882981929960380274025055769016034901142120361328125
-0.471245198177704771591578492007101885974407196044921875
0.73850706404286292627858756532077677547931671142578125
1.2795107680120307858118167132488451898097991943359375
0.68706933724616725545075723857735283672809600830078125
0.2189591675960700367653544162749312818050384521484375
0.36502972806584488285608358637546189129352569580078125
1.7854501736269214884345046812086366117000579833984375
-0.447351996956508346503511575065203942358493804931640625
-0.8508245213355720704129225850920192897319793701171875
1.1813224162538364936381185543723404407501220703125
1.2111545168991160181803934392519295215606689453125
-0.7450535058630067819507303283899091184139251708984375
-0.1400501397845374806916396437372895888984203338623046875
-0.513706349751637869616160969599150121212005615234375
-0.34925694795452988383743786471313796937465667724609375
-0.444632373716850992639848527687718160450458526611328125
0.07501864341984833262078069537892588414251804351806640625
-0.31896747020577087550208261745865456759929656982421875
0.72097716811010503779044711336609907448291778564453125
-0.247720415942894345295854918731492944061756134033203125
-0.2577075471444378873542291330522857606410980224609375
-0.046907093453941971217258100068647763691842555999755859375
1.0979296476093980405863703708746470510959625244140625
-0.055938306253937641887574727661558426916599273681640625
-0.10675518218799047442946204000691068358719348907470703125
-0.81514334090678108868388562768814153969287872314453125
0.402650592871313939280497606887365691363811492919921875
1.106933736237170506910842959769070148468017578125
0.55759204277990492837346891974448226392269134521484375
1.2511836255807915474491665008827112615108489990234375
-0.65377850926326874780869502501445822417736053466796875
-1.787358111481488709415543780778534710407257080078125
0.390828712888864837626812231974327005445957183837890625
1.129111231380615976149783818982541561126708984375
0.00574618714657514940979954332078705192543566226959228515625
-0.10153876672423210736351251171072362922132015228271484375
0.497838795642992326673237357681500725448131561279296875
0.0227270281890045201811378916545436368323862552642822265625
0.08566508778875099594518616186178405769169330596923828125
-0.171257944835483899570505172960110940039157867431640625
0.719372861862684676026447050389833748340606689453125
-0.23603824257108085848955170149565674364566802978515625
-0.914634260236042440084247573395259678363800048828125
-0.7363012115004130553330696784541942179203033447265625
1.169488195519423623380816934513859450817108154296875
-1.091340442466294025081197105464525520801544189453125
0.1223054231437777639168729137963964603841304779052734375
-0.54455196729657828758064397334237582981586456298828125
-0.419659794123006302246636778363608755171298980712890625
0.16935948279792700787993453559465706348419189453125
-0.58826322048596912939188996460870839655399322509765625
0.70820921832472993884266543318517506122589111328125
-0.81928471155291793248665044302470050752162933349609375
0.267964822440174110784738559232209809124469757080078125
-1.29824826752698374576766582322306931018829345703125
0.168328323182755479336947246338240802288055419921875
0.426581226488529419160755651319050230085849761962890625
-0.286871720882444447564552092444500885903835296630859375
0.6398604029484344923872640720219351351261138916015625
0.6613374439902230950139028209378011524677276611328125
0.0308279296157672987044318091420791461132466793060302734375
1.0341020853643920762721108985715545713901519775390625
-1.546947571825737721695759319118224084377288818359375
0.031461002492554270004720962106148363091051578521728515625
0.52946229712069114992090135274338535964488983154296875
0.2008286908662369196765240531021845526993274688720703125
-0.10065745953814810020876535645584226585924625396728515625
-0.01260583692925672238960288495945860631763935089111328125
-0.74023815995604369533111821510829031467437744140625
-1.18068429336912128491121620754711329936981201171875
-0.451341228601449928614641748936264775693416595458984375
-0.029010126316541311186636420416107284836471080780029296875
-0.4350467766438488315117183447000570595264434814453125
-0.15853989473674523491553145504440180957317352294921875
1.564351035970406922359643431263975799083709716796875
-0.61075915741597552877095722578815184533596038818359375
-1.137396919085456925557764407130889594554901123046875
0.39425535282667112380039498020778410136699676513671875
1.03326649246203761123297226731665432453155517578125
0.8026682610706175058368216923554427921772003173828125
0.6507828305113625422251288910047151148319244384765625
-0.2225763570826281012582370522068231366574764251708984375
1.07784983599116213071056336048059165477752685546875
1.2659973939515289931279085067217238247394561767578125
-0.280497740337033063529048604323179461061954498291015625
0.28626378298827404034199162197182886302471160888671875
0.8644663574845343756436477633542381227016448974609375
-0.07195218517902539356878577336829039268195629119873046875
0.431115720508997768423142815663595683872699737548828125
1.0161784417590025153543820124468766152858734130859375
1.9634334879001122953212643551523797214031219482421875
1.7098183255668431002050056122243404388427734375
1.54781383334165933973736173356883227825164794921875
-0.5440883935418099337510966506670229136943817138671875
0.40801261045299674901087882972205989062786102294921875
-0.8252184340797332762207361156470142304897308349609375
-1.257920572411349358077359283925034105777740478515625
0.7535606113857669097200187025009654462337493896484375
1.762465377332629312689959988347254693508148193359375
0.9454936601376042748512418256723321974277496337890625
-0.044199273439591325873809779523071483708918094635009765625
-0.470286105997285819313447063905186951160430908203125
-0.336007384622541371843595925383851863443851470947265625
-1.6124767351198288078961695646285079419612884521484375
1.00650451177536570668280546669848263263702392578125
0.344549557210654777694713857272290624678134918212890625
0.68503531174216991672665244550444185733795166015625
-1.0421601341025155118558132016914896667003631591796875
-1.75263864872062757882531514042057096958160400390625
0.60464750448009751959688173883478157222270965576171875
-0.69902124518484587412103792303241789340972900390625
-0.75976969466106047956799329767818562686443328857421875
-0.272372330778319071686865981973824091255664825439453125
0.473530671219351828593602249384275637567043304443359375
1.9874557822282137298230964006506837904453277587890625
-1.015865802342488688481125791440717875957489013671875
-0.317887813633864591000843802248709835112094879150390625
-0.489214355833947511786874429162708111107349395751953125
-0.2496497808292621189973914397342014126479625701904296875
0.2181918296584033079010822575583006255328655242919921875
0.6309099981994281680641734055825509130954742431640625
0.77147516316652087198235676623880863189697265625
-0.269996129738586609914108294105972163379192352294921875
-1.4789256060611684073791138871456496417522430419921875
0.25873552988981807221335884605650790035724639892578125
-0.9878900899027744930691596891847439110279083251953125
0.41723151139661862618623899834346957504749298095703125
0.66680915707743160236731227996642701327800750732421875
-0.57910579173546039566389254105160944163799285888671875
0.3860659614880435075434661484905518591403961181640625
0.60423891540611529560322878751321695744991302490234375
0.0904287312661301856397955134525545872747898101806640625
-0.7709212414578250349705967892077751457691192626953125
-0.96480399509790915058005111859529279172420501708984375
0.7294499486634753449010304393596015870571136474609375
0.65033760737218504477397118535009212791919708251953125
0.178903872072406933124710803895140998065471649169921875
-0.9358315181387357739595245220698416233062744140625
0.9296917732461214001205007662065327167510986328125
-0.84960597327672104928097951415111310780048370361328125
0.74593870611345114429724389992770738899707794189453125
-0.525393253779487423571481485851109027862548828125
-0.38317954428992084814353802357800304889678955078125
-0.1814454815963495726283127851274912245571613311767578125
-0.719972952499296159345476553426124155521392822265625
0.5041342489866005305287899318500421941280364990234375
-1.110542329168867414779242608346976339817047119140625
0.7361972286860438696720621010172180831432342529296875
1.431670740036592004429394364706240594387054443359375
1.23414652000086988437033141963183879852294921875
-1.06361710430396527726770727895200252532958984375
-0.53100438597074617330662249514716677367687225341796875
0.472664473317802202867454752777121029794216156005859375
0.70756754255141041110022115390165708959102630615234375
0.9136044560646723322605566863785497844219207763671875
-0.59209627704886946819584636614308692514896392822265625
-0.2033099409488910158660956994935986585915088653564453125
1.23165144397361103756338707171380519866943359375
1.4374151478973675732930814774590544402599334716796875
0.2332920226656489959271567613541265018284320831298828125
-0.1159880047645754086449443320816499181091785430908203125
0.59387743297396655695052913870313204824924468994140625
0.1978849353202980221322349052570643834769725799560546875
0.60914181194930117069219477343722246587276458740234375
1.0346513733514104416144618880935013294219970703125
-0.1882135035020002788996862364001572132110595703125
0.6658216182243930081341432014596648514270782470703125
1.082867511529119752822225564159452915191650390625
0.455728907669195326679556501403567381203174591064453125
0.95140810467366232483499288719031028449535369873046875
-0.10109992502040927864204178376894560642540454864501953125
0.1843842888472132790500523924492881633341312408447265625
1.5055996060578795692208586842752993106842041015625
-0.2403240025868813578568961020209826529026031494140625
0.4220895778249398322401475525111891329288482666015625
0.98847749627324110743842311421758495271205902099609375
1.239935754606282358736280002631247043609619140625
0.003800094876187925553578939030785477370955049991607666015625
-0.7576179661119877284392032379400916397571563720703125
-0.2828121086791546279215481263236142694950103759765625
-0.54003326705582221922696817273390479385852813720703125
-0.3485501690901220417373451709863729774951934814453125
0.285563914465165102907207028692937456071376800537109375
0.6693006322140819808197420570650137960910797119140625
0.1125750399065510165552694843427161686122417449951171875
0.86927173659180845266547521532629616558551788330078125
1.6622852494685462776402573581435717642307281494140625
-0.68916585728739965244216136852628551423549652099609375
1.0814472696055632550127256763516925275325775146484375
-0.56929537073731351082273022257140837609767913818359375
-0.8118184450248142614015023355023004114627838134765625
0.10051182788290878578063569648293196223676204681396484375
-0.30874623585363625277722121609258465468883514404296875
-0.327885332266473594753364295684150420129299163818359375
0.84602192893606587009713848601677455008029937744140625
-0.34539861399305993305830497774877585470676422119140625
-0.39828982219300457234822943064500577747821807861328125
0.052042112733245125821834875523563823662698268890380859375
-0.64828354938659149553359384299255907535552978515625
0.1302894299690520174550556475878693163394927978515625
-0.80668965620562682605765303378575481474399566650390625
-0.540999005190588633240622584708034992218017578125
-1.0508623826948164659000894971541129052639007568359375
-0.159237220954099811809356879166443832218647003173828125
-0.54604982962539494462106404171208851039409637451171875
-1.47395278888104552805771163548342883586883544921875
0.217869866112898435961398035942693240940570831298828125
-0.524576173754433217055748173152096569538116455078125
-0.325393090301979437395374361585709266364574432373046875
-1.3817534305802448013622552025481127202510833740234375
-1.044918568939057212929810702917166054248809814453125
-1.1097499962918655480592633466585539281368255615234375
-1.135561738542956167208330953144468367099761962890625
-0.450304776529783901128922707357560284435749053955078125
-0.038013565437375725075686005993702565319836139678955078125
-0.76314766705523540135658322469680570065975189208984375
1.3144070997946151191371200184221379458904266357421875
1.3334967949174669765710632418631576001644134521484375
0.6122593046457247556446645830874331295490264892578125
-0.98851752245030766186317805477301590144634246826171875
-0.92716211738975384815120150960865430533885955810546875
0.09018687149045932771596056909402250312268733978271484375
-0.6311023889754785454186958304489962756633758544921875
-0.53225284163645003587816972867585718631744384765625
-0.63265001015243271798027535623987205326557159423828125
0.95783113796069019318935033879824914038181304931640625
0.3533339772173029746937800155137665569782257080078125
-0.07752810948800216428455911454875604249536991119384765625
-0.0790751232870439968447584533350891433656215667724609375
1.041934455562241179649163314024917781352996826171875
0.466992842747613601250833426092867739498615264892578125
1.170673701446463876862935649114660918712615966796875
-0.0855529521832506245626603913478902541100978851318359375
0.53877302715604791227832492950255982577800750732421875
-0.1264499634895046853433342448624898679554462432861328125
0.444445655738954836788678903758409433066844940185546875
0.912650418227112236735365513595752418041229248046875
-1.4266798134315676893635327360243536531925201416015625
0.39298397322500389083899108300101943314075469970703125
-0.57850038811772830360524721982073970139026641845703125
1.0398916423646997753138521147775463759899139404296875
-0.76234389068842733916397946813958697021007537841796875
1.0062768396889059108190167535212822258472442626953125
-1.240914376102516758493266024743206799030303955078125
0.0721695157656794539224875961735961027443408966064453125
-0.69872516708027632148514385335147380828857421875
0.47443709100682351920141854861867614090442657470703125
-0.494370666224629662366396587458439171314239501953125
-0.771525719774170948284108817460946738719940185546875
0.1832799700857949687371473146413336507976055145263671875
-0.55811548111163700180981095400056801736354827880859375
0.85995572788835661359740925036021508276462554931640625
0.82231321764041143129730926375486887991428375244140625
-0.6540260155279236098380124531104229390621185302734375
0.72682892091922790545055477196001447737216949462890625
-0.377168039196912163735220246962853707373142242431640625
0.675686151100308496353363807429559528827667236328125
-0.56075546513402041437501566178980283439159393310546875
0.034970399226189108343731959394062869250774383544921875
0.7541768253771150565256675690761767327785491943359375
1.2536327222875183196038051391951739788055419921875
-0.7955394143295337894272734047262929379940032958984375
-1.906855694242953092043535434640944004058837890625
0.660295571227672351000137496157549321651458740234375
1.0748914678744949657840379586559720337390899658203125
0.5772711042473439579936211885069496929645538330078125
-0.2353036994735593356864455927279777824878692626953125
-2.11892731047678228861741445143707096576690673828125
-0.26333280998281238804992199220578186213970184326171875
0.6912710933691581516313817701302468776702880859375
0.016587149131217025777029761002268060110509395599365234375
-1.6453473171765360394402932797675020992755889892578125
-0.31136985137010686486291888286359608173370361328125
-1.1891528235953485737042001346708275377750396728515625
-0.1546676565756578691779310474885278381407260894775390625
-0.37419484248602585818588295296649448573589324951171875
-1.65499765168357537703514026361517608165740966796875
-1.085645702014795599410490467562340199947357177734375
0.76705950497188080117183517359080724418163299560546875
0.675653005173122434001697911298833787441253662109375
-0.7852337093202923501422674235072918236255645751953125
1.4289463579720667052441740452195517718791961669921875
-1.6571827265264431616742513142526149749755859375
-1.374782593260032825810412759892642498016357421875
-0.259048744550417653353946434435783885419368743896484375
-1.4301157037802265659109934858861379325389862060546875
0.114681604518084234722863357092137448489665985107421875
-1.2919562319819799522946368597331456840038299560546875
0.038204509232612517133365059862626367248594760894775390625
0.8328494524536524945546034359722398221492767333984375
-0.01394590851901564114434517449581107939593493938446044921875
-0.27695460489467971232357967892312444746494293212890625
0.51206793025021857257428337106830440461635589599609375
1.2057400941066855892813691752962768077850341796875
1.8655816272056302551618500729091465473175048828125
0.493581692302798413773956553995958529412746429443359375
-0.59134198053151909579838729769107885658740997314453125
-1.0366425825913860858662474129232577979564666748046875
0.000971322724136618989750069363964257718180306255817413330078125
0.01095917032634823040648797132234903983771800994873046875
-2.038719291290482349410240203724242746829986572265625
0.9731178650671072904998482044902630150318145751953125
-0.07736597687820111202139372608144185505807399749755859375
0.0564775654788507719405998841466498561203479766845703125
1.572948189460209089673980997758917510509490966796875
-1.721728332735245725615413903142325580120086669921875
-0.48510409210682237102219005464576184749603271484375
1.2866581950354232244393415385275147855281829833984375
2.35881233591309324992835172452032566070556640625
1.2742079999163882231272282297140918672084808349609375
0.0616963515599654732657342037782655097544193267822265625
-1.0425903999515744313697496181703172624111175537109375
0.8801515486284319234044914992409758269786834716796875
0.85812190317709002851387367627467028796672821044921875
-0.68058553602276050664698914260952733457088470458984375
0.291877536669346737685515336124808527529239654541015625
-0.2069521526072033712484454781588283367455005645751953125
0.7511576038457068449361031525768339633941650390625
-1.304537768824053589611366987810470163822174072265625
1.2462531114555213118677556849434040486812591552734375
0.8399089237366705873455430264584720134735107421875
-0.3994315960367871287672869584639556705951690673828125
0.309951801151792161181930396196548826992511749267578125
0.57875293735972466180328410700894892215728759765625
-0.158622479427395435269687595791765488684177398681640625
1.0965196200457330011346357423462904989719390869140625
-0.962056688175169316679102848866023123264312744140625
-0.00311173470020623295362316440559879993088543415069580078125
-0.178246685099784640815556713278056122362613677978515625
0.432395879900194179956685047727660275995731353759765625
0.377129830065121074422762603717274032533168792724609375
0.686277535977719566062660305760800838470458984375
-1.0545220327430990803208032957627438008785247802734375
0.0899271121503927017837298762970021925866603851318359375
-2.253972929111782708133659980376251041889190673828125
-1.0792124506485307744441115573863498866558074951171875
0.5417848579647344120502339137601666152477264404296875
0.268955388996942434953751899229246191680431365966796875
0.0772418780490631007307200661671231500804424285888671875
-0.261622447456690110367816259895334951579570770263671875
0.3867538021762479960585778826498426496982574462890625
0.1226672278378251601527182401696336455643177032470703125
-0.6527383704617373272327540689730085432529449462890625
-0.27362206605872108067245562779135070741176605224609375
0.28878091114927240123932961068931035697460174560546875
-0.388337795054112977499727321628597564995288848876953125
-0.99069206206369386791266151703894138336181640625
0.06271129133801368882306093155420967377722263336181640625
-0.491315200107104665949719901618664152920246124267578125
-0.2003136862362846770668767248935182578861713409423828125
1.2862445270436471123076671574381180107593536376953125
0.61816408930713950820035051947343163192272186279296875
0.94943598197743972466611239724443294107913970947265625
1.537084892707413441570452050655148923397064208984375
0.03769209457681658992367346172613906674087047576904296875
0.4314493963002636878201201398042030632495880126953125
0.0440990574242730859477745752883492968976497650146484375
-1.1861197519843778014347890348290093243122100830078125
-1.5329580069551520526971444269292987883090972900390625
-0.6093973922047990487982360718888230621814727783203125
-0.359880806065719205388830914671416394412517547607421875
0.1542736306562220993665590640375739894807338714599609375
1.554008022426626833834006902179680764675140380859375
1.2053443569877433372283803691971115767955780029296875
-0.8683807737573256968488522034022025763988494873046875
-1.6293333190722183445586779271252453327178955078125
1.6975986539809329034511620193370617926120758056640625
-0.57552002617878661450134814003831706941127777099609375
0.2107802117971682986929948810939094983041286468505859375
0.90524321661197848509772256875294260680675506591796875
0.92164226145641070520042603675392456352710723876953125
-0.424443536590088987825453159530297853052616119384765625
0.49777316047418296296456219351966865360736846923828125
0.9756500592475176869555753000895492732524871826171875
0.4374160322300870706868636261788196861743927001953125
-0.043713452431504006001627971045309095643460750579833984375
0.1436500815578197476352073636007844470441341400146484375
0.6657326942052923524073548833257518708705902099609375
-0.3003999266219654629139768076129257678985595703125
-0.01536822103493704592958035703986752196215093135833740234375
-0.2538164608120043741479321397491730749607086181640625
-0.94781436824544729180530566736706532537937164306640625
0.461522622145527361414707456788164563477039337158203125
0.325090140558012274940580255133681930601596832275390625
-1.784944147905715983171148764085955917835235595703125
0.98788605162031994932902989603462629020214080810546875
-0.60466660632941982012056314488290809094905853271484375
-0.316962375984374211679295285648549906909465789794921875
0.85826190104289057369868487512576393783092498779296875
0.279831889328455207799351001085597090423107147216796875
-0.8706615226814158337020899125491268932819366455078125
0.8358763536223090540033808792941272258758544921875
0.83460452832734211003895552494213916361331939697265625
-0.1713751238993394820919746734944055788218975067138671875
1.506228278169306378231340204365551471710205078125
-0.28705524187201925112589151467545889317989349365234375
-0.11722983299867313633502163838784326799213886260986328125
-0.09814489405943084554539979080800549127161502838134765625
-0.2135065585822262246296077137230895459651947021484375
2.104544120539613150100421989918686449527740478515625
-0.41055702890593492870863201460451819002628326416015625
-0.1007935461433440149647822181577794253826141357421875
1.3518107126222618230571015374152921140193939208984375
-0.9564235917596917158078895226935856044292449951171875
-1.1788654908970819246150085746194235980510711669921875
0.68865691053561006729211158017278648912906646728515625
2.4654322563869897066979319788515567779541015625
0.492835312572229622407604665568214841187000274658203125
-0.293326052213359778075840722522116266191005706787109375
-0.55475131362031471216056388584547676146030426025390625
0.193650559328192251040690052832360379397869110107421875
0.64693481835294408544001498739817179739475250244140625
-1.09013709912160283721505038556642830371856689453125
-0.331646789290539645289612735723494552075862884521484375
0.310448558794905682400866453463095240294933319091796875
0.197721734301414542311903232985059730708599090576171875
-0.30953790423885940708004227417404763400554656982421875
0.1949728215919557527957550746577908284962177276611328125
-0.29671317259498319884869488305412232875823974609375
-0.473748996574262282166500881430692970752716064453125
-0.266185181208815013764734658252564258873462677001953125
0.89214926136030758829775777485338039696216583251953125
-1.059361936609224841276954975910484790802001953125
-0.77530585418124509100579189180280081927776336669921875
0.46876272155886866688234704270143993198871612548828125
0.8328092854757809249122146866284310817718505859375
-0.203120830342918334832091886710259132087230682373046875
0.88737416730315155088959500062628649175167083740234375
-0.55950589562509567276293864779290743172168731689453125
-0.74667078473708181629575619808747433125972747802734375
-0.9597850314762339518637190849403850734233856201171875
-1.04359911701643870429734306526370346546173095703125
-0.09786122906691137324219909032763098366558551788330078125
-0.694071854115460684653271528077311813831329345703125
-0.075667934651572121840246154533815570175647735595703125
0.57757907186214973993543253527604974806308746337890625
-0.89386041963665874288125223756651394069194793701171875
-0.476184347267555596605603795978822745382785797119140625
1.5811413768083506514727787362062372267246246337890625
-0.1439470170830603468203889860888011753559112548828125
-0.186498637983269988094292557434528134763240814208984375
-0.48035353466134689259803280947380699217319488525390625
1.3346971265947671358986781342537142336368560791015625
0.384527928951922060019086302418145351111888885498046875
-0.56573044078828915726120385443209670484066009521484375
0.376983572196862792846872025620541535317897796630859375
1.047188035039480435983705319813452661037445068359375
-0.2726096600277496673214727707090787589550018310546875
0.78994141352360014440847635341924615204334259033203125
0.83925000449897713128422083173063583672046661376953125
0.268500463309725712068853908931487239897251129150390625
0.494547189921338337104117499620770104229450225830078125
-0.1659220721540211329614322721681674011051654815673828125
0.56731707677264442413189726721611805260181427001953125
0.94311454601603805780740685804630629718303680419921875
-0.495219173942701040846969817721401341259479522705078125
0.09787788433427592471591793810148374177515506744384765625
-0.93825833752348819505328947343514300882816314697265625
-0.658365574768455363852126538404263556003570556640625
2.40631332963438904215536240371875464916229248046875
-0.6559461439548177619229818446910940110683441162109375
-0.1293642970156476390553024202745291404426097869873046875
0.757055363162516758990250309580005705356597900390625
1.1588679615827779390002660875325091183185577392578125
0.37797549993530588086088073396240361034870147705078125
0.75902640237350926799564376779017038643360137939453125
-1.4796268506144176768657416687346994876861572265625
-0.40800386754696316149448875876259990036487579345703125
-0.367908838618416778043496151440194807946681976318359375
-0.73712375876480462633111301329336129128932952880859375
-0.326081908891724114862853411977994255721569061279296875
0.69545025298195894958297458288143388926982879638671875
-1.2356427105973455393694848680752329528331756591796875
0.81273263232653347731826443123281933367252349853515625
0.8025587168699441775743252946995198726654052734375
1.30768742715106700558180818916298449039459228515625
0.368818412475400869698916039851610548794269561767578125
0.281142201903268718066186693249619565904140472412109375
-0.909106991264977626343579686363227665424346923828125
-0.307114506767796557884508956703939475119113922119140625
0.495637465597451198906497893403866328299045562744140625
0.40000489409902695303600239640218205749988555908203125
-0.9584297186157897385783144272863864898681640625
-0.50061376852171857176898583929869346320629119873046875
0.5600823199033282406844591605477035045623779296875
0.357094207929534668277682385451043955981731414794921875
-0.366100708244504968735810734870028682053089141845703125
0.485759123129513914474131297538406215608119964599609375
0.6394858036974426784837532977689988911151885986328125
0.1481769545832645473826261195426923222839832305908203125
-1.5407006270101819556117561660357750952243804931640625
-2.072364298772953805638508129050023853778839111328125
-0.47312537320887759761944835190661251544952392578125
1.3483870297691125106354093077243305742740631103515625
0.6955079521656257757200592095614410936832427978515625
0.78459024884770212082685247878544032573699951171875
-0.60907770489991597262502409648732282221317291259765625
-0.96785857762783977786824607392190955579280853271484375
-0.049436183410903757062815344625050784088671207427978515625
0.7025769190114006246261624255566857755184173583984375
-1.42747110726458448226594555308111011981964111328125
0.18626800566318280072408697378705255687236785888671875
-1.52456001654174588821888391976244747638702392578125
-0.26354224919642976754374785741674713790416717529296875
0.258091446570156979323229506917414255440235137939453125
-0.055494507198491575816756693484421703033149242401123046875
1.117464528680804480842425618902780115604400634765625
0.417946398887271974853518941017682664096355438232421875
-0.348462901279354253514242145683965645730495452880859375
1.72659289124540737958568570320494472980499267578125
-1.9729715085866887935850400026538409292697906494140625
0.319744167694502146037649481513653881847858428955078125
1.3255206507714574204470636686892248690128326416015625
1.86660093724212128307726743514649569988250732421875
-0.024816206951278056702658858512222650460898876190185546875
-0.7339950990246340012390646734274923801422119140625
-0.303006501320545795774563657687394879758358001708984375
0.31137025531081274909439571274560876190662384033203125
-1.1465444967809947929282543555018492043018341064453125
0.07566953382248697845824381147394888103008270263671875
-1.0377977695817699466118710915907286107540130615234375
-0.53275166871580015293119458874571137130260467529296875
-0.1720838026825246835915805831973557360470294952392578125
-1.1232058537004687703841909751645289361476898193359375
1.3291648316645419125592297859839163720607757568359375
0.62483095522794684928413744273711927235126495361328125
0.10697971058635309671291935273984563536942005157470703125
-0.0837557403739387085206402616677223704755306243896484375
0.819739254768418579288891123724170029163360595703125
-1.6906556289064127440724405460059642791748046875
-0.77871447562086626437150016499799676239490509033203125
1.168963270032422396838001077412627637386322021484375
-0.191684042429214385183655622313381172716617584228515625
0.36790602250447046461800937322550453245639801025390625
-2.2321950964821812846139437169767916202545166015625
1.146653676168571944771201742696575820446014404296875
-0.68341329715024823343583193491213023662567138671875
0.039652703575595853180413286054317723028361797332763671875
0.16443834820778757688231053180061280727386474609375
0.706382072876731381683157451334409415721893310546875
-0.0803087783394042797890932661175611428916454315185546875
0.330251718748936051728293250562273897230625152587890625
0.46074328704960709757187942159362137317657470703125
0.373612708573393070832224793775822035968303680419921875
0.61910575067904860535605848781415261328220367431640625
0.060202487648334059022747766221073106862604618072509765625
-1.1305735643337617712944620507187210023403167724609375
1.3388752792617684139742095794645138084888458251953125
0.2299867737271395762288506148252054117619991302490234375
-0.91406427285038638341774230866576544940471649169921875
0.9781593634178242790966351094539277255535125732421875
0.52679835658849583079899048243532888591289520263671875
-1.255343533497373709195699120755307376384735107421875
-1.0362482940972388423261918433126993477344512939453125
-0.189092987946440249658053289749659597873687744140625
0.56985093272128739538828767763334326446056365966796875
2.702239679743623224084103640052489936351776123046875
2.30402458957384492777009654673747718334197998046875
-0.1273401195862324808416587984538637101650238037109375
-1.734228927710827150576733401976525783538818359375
0.92495026762702259315318542576278559863567352294921875
-0.10596341441306032782332380293155438266694545745849609375
-0.8995413400187131092167192036868073046207427978515625
1.0611145752994615154563007308752276003360748291015625
-0.04844448530056359725204373489759746007621288299560546875
1.26733926896606163836622727103531360626220703125
0.54157502088669906559204036966548301279544830322265625
-0.176932104056735484132190094896941445767879486083984375
-0.367807472297893678359059776994399726390838623046875
0.034272151058074108720408190720263519324362277984619140625
0.01349778362249688147544990357573624351061880588531494140625
-0.53889407673358957762133059077314101159572601318359375
-0.62352812740170804328698750396142713725566864013671875
-0.121920765094034322384430879537831060588359832763671875
-0.50650723768689365211770336827612482011318206787109375
-0.52697733233697918731053277952014468610286712646484375
0.943559919897686949497028763289563357830047607421875
-0.991251733032941562129281010129489004611968994140625
-1.2200695237158976080849015488638542592525482177734375
1.0384745065725724533223228718270547688007354736328125
-1.013595624578441434238129659206606447696685791015625
1.182332461712983562307499596499837934970855712890625
-0.4232903620322725490865423125796951353549957275390625
-0.6953260516164887494738877649069763720035552978515625
-0.0820347118268132391438740569356014020740985870361328125
-0.8330889178678602124961116714985109865665435791015625
-0.0938465736798248795214050232971203513443470001220703125
-1.3849438166117538084876059656380675733089447021484375
0.53858785156622868139919546592864207923412322998046875
-1.013619913817930040522696799598634243011474609375
-0.31280467476942719340371468206285499036312103271484375
-0.473029919036130619414137754574767313897609710693359375
0.255896808599797964678401740457047708332538604736328125
0.547714203978141522810574315371923148632049560546875
0.84221246896197510256598661726457066833972930908203125
-0.51101412738345020070340751772164367139339447021484375
0.45502138386908008715892037798766978085041046142578125
-0.5432902999739595006900572116137482225894927978515625
0.1447457585254461054358188221158343367278575897216796875
-0.10792328701882693275937441512724035419523715972900390625
-1.8242344097568430338895950626465491950511932373046875
-1.475569182746931939931300803436897695064544677734375
0.57684862420472315935882079429575242102146148681640625
0.621217589717904417057070531882345676422119140625
-0.61628334143513840981398743679164908826351165771484375
-1.524829265388603527497934919665567576885223388671875
0.08985571750614018693426032768911682069301605224609375
-1.3338849321474659515018856836832128465175628662109375
0.370463873451916836376796027252567000687122344970703125
-1.0765923769078480365379846261930651962757110595703125
-1.350079809947284825710767108830623328685760498046875
-1.86893652497080520191730101942084729671478271484375
0.58698281251595807450627262369380332529544830322265625
0.56182071675087674744730747988796792924404144287109375
-0.373764634849555743567606214128318242728710174560546875
0.52580352767075522191220215972862206399440765380859375
0.263874190970029787184358838203479535877704620361328125
1.0754342313554647869722202813136391341686248779296875
0.3833454940201950211786652289447374641895294189453125
-1.400246674504141974892945654573850333690643310546875
1.072132711951798267335789205390028655529022216796875
0.471374398133719119119433571540866978466510772705078125
0.42803134646279084041253781833802349865436553955078125
-0.363745932555067152947003705776296555995941162109375
0.294577920499943302079515206060023047029972076416015625
-1.093656813591750154301962538738735020160675048828125
-1.8228232981748690999523887512623332440853118896484375
-0.08501320601139229771181504702326492406427860260009765625
-0.132524485838103667223464299240731634199619293212890625
0.44208992981378647524337566210306249558925628662109375
0.52520846823702715955306530304369516670703887939453125
0.4846664473728676814090476909768767654895782470703125
1.4937761194951109100514941019355319440364837646484375
0.32004789497162133837804276481620036065578460693359375
0.427481803893505041269662569902720861136913299560546875
-0.2285285619440402260504896503334748558700084686279296875
0.48222004277484364909156511203036643564701080322265625
0.469283820099126558478275228480924852192401885986328125
0.1544452657306431830885884437520871870219707489013671875
-0.033232524269266129623989769470426836051046848297119140625
0.35285847744626341881968301095184870064258575439453125
0.288110118712740170821007268386892974376678466796875
-1.5134489275158091725614895040052942931652069091796875
-0.5574224197228641042300978369894437491893768310546875
0.357024744435107732609679942470393143594264984130859375
-0.92677682116068160755872895606444217264652252197265625
-1.6884407171542361592031511463574133813381195068359375
0.97207676633724193759888976273941807448863983154296875
-0.0297238175113257140080857965358518413268029689788818359375
-0.691499546039863854929308217833749949932098388671875
-0.84813359942700661253667249184218235313892364501953125
0.2487324070420542654336060195419122464954853057861328125
-0.77877342737879129419553692059707827866077423095703125
0.08580032566419902584353707197806215845048427581787109375
-1.2998318382652616076455842630821280181407928466796875
-0.46042634208113308869059210337582044303417205810546875
0.334136364822263554064107893282198347151279449462890625
0.27987501075058307531406853740918450057506561279296875
-0.82114405461563422239379406164516694843769073486328125
1.755522300395723878096987391472794115543365478515625
0.97586053250417581494957630638964474201202392578125
0.87504703389674454161450967148994095623493194580078125
-0.1255923166283429426304252274348982609808444976806640625
1.230553344259721182396560834604315459728240966796875
-0.06516666707498881827564929380969260819256305694580078125
-1.6086419112383290030976468187873251736164093017578125
1.255679096668643079937055517802946269512176513671875
0.7656228298921998742798677994869649410247802734375
0.4868233883577068876746807291056029498577117919921875
-0.419141085357606357764126414622296579182147979736328125
-0.68223311325285995732059518559253774583339691162109375
-0.8161630906122037121264156667166389524936676025390625
-0.1910574511411476106292894883154076524078845977783203125
0.82524793954624453551360829806071706116199493408203125
0.6327265481186910012212365472805686295032501220703125
0.39553682229857678454010283530806191265583038330078125
1.00903484891297434700163648813031613826751708984375
-0.672572981825780846776297039468772709369659423828125
0.272607380567733537102270702234818600118160247802734375
1.089348339555959999103151858435012400150299072265625
-1.65355678586899745852178966742940247058868408203125
0.9512833184876063885582198054180480539798736572265625
-0.28626807649055263649273683768115006387233734130859375
-0.59357499358400145350600496385595761239528656005859375
1.283407687171198130471339027280919253826141357421875
0.214463050821455336603094110614620149135589599609375
0.514735497470641067963015302666462957859039306640625
-0.1365044633929966000351896582287736237049102783203125
1.383789611916870665453416222590021789073944091796875
0.56548297435933092547344358536065556108951568603515625
0.55516460391071997815259919661912135779857635498046875
1.5028852473708569359445164081989787518978118896484375
0.363881353686498432153939575073309242725372314453125
0.66957235581026386395109284421778284013271331787109375
0.0385339371927788942873149835577351041138172149658203125
1.0154548063845150185358079397701658308506011962890625
0.5223055422486020393790795424138195812702178955078125
0.91029436425609244754042492786538787186145782470703125
0.9713730349412916798002015639212913811206817626953125
-1.0406947713439473890417730217450298368930816650390625
0.10365159077025141998174007085253833793103694915771484375
-0.77904256815198047458892460781498812139034271240234375
-0.1164237603717354352372836956419632770121097564697265625
-1.4087843803722821522939057103940285742282867431640625
-1.399449730070054354058584067388437688350677490234375
1.1781669977948296956782314737210981547832489013671875
-0.434252977159668762663358165809768252074718475341796875
0.12040757410272219518621028555571683682501316070556640625
0.77650327675082564393704842586885206401348114013671875
0.250691284962230420685358467380865477025508880615234375
-0.03181657940280331609006481130563770420849323272705078125
-1.0544256572449575148908706978545524179935455322265625
0.1598113890260767500084426728790276683866977691650390625
-0.73464771214681956479353175382129848003387451171875
-0.99128123935942047406655319718993268907070159912109375
0.6238791127379628154159263431211002171039581298828125
1.2471791182938039010963393593556247651576995849609375
1.28748520434272251122820307500660419464111328125
-0.443086488230477970606813187259831465780735015869140625
-0.32471049132934215464274529949761927127838134765625
-1.0588132591114083336236717514111660420894622802734375
-0.87246651373961670028478465610533021390438079833984375
0.1803594971855278228378693938793730922043323516845703125
-0.691979139588475344879725525970570743083953857421875
-2.116543871619646299819805790320970118045806884765625
-1.0830506792612180078094752389006316661834716796875
-0.49170526876876674560179480977240018546581268310546875
0.15521256579299180788922285501030273735523223876953125
-0.77199913815869647404355191611102782189846038818359375
0.7814108099667926854436927897040732204914093017578125
-0.729565536173543360831672544009052217006683349609375
-0.223815532719764842539689198019914329051971435546875
1.894778105331990314397216934594325721263885498046875
-1.850817479107402352411781976115889847278594970703125
1.349092269472205174452028586529195308685302734375
-0.1686838102767301006412736796846729703247547149658203125
1.5919210050968792824477304748143069446086883544921875
-0.8917945326209453238419655463076196610927581787109375
0.2241865657654875387816417742214980535209178924560546875
0.68302808914558166275554640378686599433422088623046875
-0.1979196077485871618772961255672271363437175750732421875
-1.000532843963963802735861463588662445545196533203125
-0.80048642837427619323165117748430930078029632568359375
-0.116389337832332462330242606185493059456348419189453125
-1.6740428672856442204874838353134691715240478515625
0.06486036230038771943640085737570188939571380615234375
-0.898875463058152579520765357301570475101470947265625
-0.5211737778513114704992403858341276645660400390625
-1.6889067606947334443390218439162708818912506103515625
-0.480804199600696369198971069636172614991664886474609375
-0.9683053519868678460369437743793241679668426513671875
-1.3642325519380360532295526354573667049407958984375
-0.82551540957804825371368906417046673595905303955078125
-1.06501695178341027059332191129215061664581298828125
0.67419969221909792356228763310355134308338165283203125
-0.039119982224241282853238743655310827307403087615966796875
0.73278975458926842723172967453137971460819244384765625
0.391230533464621277328632231728988699615001678466796875
-0.7348585317467637434418747943709604442119598388671875
-1.26370324986208348860827754833735525608062744140625
0.1333312386840783958508183104640920646488666534423828125
-0.404756958881834716379444216727279126644134521484375
0.68921504134296973642648254099185578525066375732421875
-0.6935216825649586080970721013727597892284393310546875
0.61609544371229230108610863680951297283172607421875
-0.051852821533879316084902910688470001332461833953857421875
-0.0117434842570323071109239521092604263685643672943115234375
-1.301966210804651691290700910030864179134368896484375
-0.0304610386337096188114070827168688992969691753387451171875
-1.2722665698457242822172474916442297399044036865234375
-0.89637947613518409450961144102620892226696014404296875
0.73433607060832206681055822627968154847621917724609375
0.468960389552601830676081817728118039667606353759765625
-0.7566609145749232379074555865372531116008758544921875
-1.0874256580139183281374926082207821309566497802734375
-0.1551712793735306183950939384885714389383792877197265625
-0.1490357395758014902309440685712615959346294403076171875
1.22343810527356477990679195499978959560394287109375
-0.53735496780236358116411565788439474999904632568359375
-0.60902302943499453391495990217663347721099853515625
-0.96940570044024543250316128251142799854278564453125
-0.52908140213377585769904953849618323147296905517578125
0.05455356462831821573455925999951432459056377410888671875
-0.81731846801289964599135373646277002990245819091796875
0.55720388850885760323450313080684281885623931884765625
0.40798098836750817941521063403342850506305694580078125
0.17594207971961139946870389394462108612060546875
-0.879381983190922422721769180498085916042327880859375
1.29141396014588227814101628609932959079742431640625
-1.1099374312112757490211834010551683604717254638671875
0.75226946038465170030207218587747775018215179443359375
0.81625733544414647013809371856041252613067626953125
-1.534287016099268985414028065861202776432037353515625
0.44482150692822697291006761588505469262599945068359375
-1.3238980054162341470913588636904023587703704833984375
0.0655224404828841089365454308790504001080989837646484375
-1.1785417973713092631982135571888647973537445068359375
-0.0828420845035157393798641578541719354689121246337890625
-0.66834483650156994993807302307686768472194671630859375
0.884694183174345116782433251501061022281646728515625
0.381934568327792212105720182080403901636600494384765625
-0.291321622294258009144840571025270037353038787841796875
0.96866548746152869586722999883932061493396759033203125
0.60252228240284610993882097318419255316257476806640625
-0.18817691745527087565648116651573218405246734619140625
-1.764796033920266182803970878012478351593017578125
0.76621165659005108228285507721011526882648468017578125
0.426038279327023261533469167261500842869281768798828125
0.31040423573089370723465663104434497654438018798828125
0.92722364430184089911790579208172857761383056640625
0.12495417103557639182387362097870209254324436187744140625
0.64231802784074243373169110782328061759471893310546875
0.5791021470000103921194067879696376621723175048828125
-0.300669872123364878557794099833699874579906463623046875
1.1154009232683141927822134675807319581508636474609375
-0.58903481832314474875289533883915282785892486572265625
1.495690570390667328837253080564551055431365966796875
-0.710575424653892895321405376307666301727294921875
-0.420388962723085179984394699204131029546260833740234375
0.5994970097553002918999709436320699751377105712890625
-0.39554536266093009988509265895118005573749542236328125
-0.5414201069771402696773066054447554051876068115234375
0.8249215932189171152089102179161272943019866943359375
-0.282427105516260990025756427712622098624706268310546875
-0.409629220885274925034735815643216483294963836669921875
0.73336728110080573461715403027483262121677398681640625
-1.8471558161819132681813471208442933857440948486328125
-1.54821032967541238889452870353125035762786865234375
1.3190734360877771624842580422409810125827789306640625
-0.1754357140218163468858847409137524664402008056640625
-0.2766590813936697923480778626981191337108612060546875
0.1874984214031478468864833075713249854743480682373046875
-0.12264092523979823468049943357982556335628032684326171875
0.74076924389945186799621978934737853705883026123046875
0.58443806170486334305991249493672512471675872802734375
