-1.360780177950065894521003428963012993335723876953125
-2.076193354073684549376821451005525887012481689453125
-0.29673981802804394458661363387363962829113006591796875
-0.7719256109966303736058534923358820378780364990234375
0.383522130262291149893627562050824053585529327392578125
-0.2351100937407109292553997192953829653561115264892578125
-1.45092259646281274143575501511804759502410888671875
1.3133551174797590821441417574533261358737945556640625
0.01135064354109555952165866443692721077241003513336181640625
-0.971823059031760916326447841129265725612640380859375
-0.332980555360400998221592772097210399806499481201171875
-0.2104829169247560416433628915910958312451839447021484375
-0.318920623072709019663051321913371793925762176513671875
1.2766781022161648451174187357537448406219482421875
0.059074672591672754140557088931018370203673839569091796875
-0.473728151801434183010286460557836107909679412841796875
1.1925869325072344651061939657665789127349853515625
0.41942748701020970969466361566446721553802490234375
0.659139647990362842477907179272733628749847412109375
0.93198188977781948327816508026444353163242340087890625
0.1323906324008038704054257550524198450148105621337890625
-0.479827781581251056053361025988124310970306396484375
-0.006218720398108233508860376304028250160627067089080810546875
0.6999861183156976807140381424687802791595458984375
-1.483036799369500169376578924129717051982879638671875
-0.3848237293459082497548706669476814568042755126953125
-0.95029062478228365495880325397592969238758087158203125
-0.71087207382914263664730469827190972864627838134765625
-0.12605727966208524204461127737886272370815277099609375
-1.1233336265962685640573681666865013539791107177734375
0.52618041116131519796539350863895379006862640380859375
0.215003342029898458775960534694604575634002685546875
-0.307575380528789299461323025752790272235870361328125
-1.154664642097394722242142961476929485797882080078125
-1.9384145783605515322989276683074422180652618408203125
-0.1724544029603940209494084001562441699206829071044921875
1.509740767026999552768984358408488333225250244140625
-0.330208170038789272648926953479531221091747283935546875
-0.52579058368054421013226829018094576895236968994140625
0.74123594437445017302223959632101468741893768310546875
-0.62058298640548137381500737319584004580974578857421875
-1.260376830695234762202971978695131838321685791015625
-0.07637625920131209389385418262463645078241825103759765625
-0.278230023283443428372407879578531719744205474853515625
0.41987075101497828288898972459719516336917877197265625
1.0499302757891337822826471892767585813999176025390625
-1.0213961257518935354937639203853905200958251953125
-0.029650338452299508651410775428303168155252933502197265625
-0.150687843513841623899196520142140798270702362060546875
0.190305732133625948865329746695351786911487579345703125
1.5943504874163567652800566065707243978977203369140625
1.646909991230749437107760968501679599285125732421875
-1.3960169038719356660038783957134000957012176513671875
0.153507906534815996568710261271917261183261871337890625
-1.3818796669945339061769118416123092174530029296875
1.202768655059001101648163967183791100978851318359375
0.333772046994530391383904088797862641513347625732421875
-0.57149476096106910372185438973247073590755462646484375
-1.29138852121897595992550122900865972042083740234375
-0.5686287707962571769115811548545025289058685302734375
0.586524910345576966363978499430231750011444091796875
0.86173231093808688729751565915648825466632843017578125
-0.18034421350719609389301467672339640557765960693359375
0.08139522349924195598891429881405201740562915802001953125
-0.75957012120976064029065355498460121452808380126953125
-0.784485035188081436530183054856024682521820068359375
1.1274648757566370083083029385306872427463531494140625
1.361589456382570784143126729759387671947479248046875
0.0799770199454961916440964841967797838151454925537109375
-0.070160782481674954791373011175892315804958343505859375
-0.9559463352258334989386412416934035718441009521484375
-0.1431406137528042077367018691802513785660266876220703125
0.55446914722077667025956770885386504232883453369140625
0.52869379503880253867720284688402898609638214111328125
0.81792529039278660807354981443495489656925201416015625
-0.35443634870996898467154778700205497443675994873046875
0.329094351879732294197111741596017964184284210205078125
0.036941938116752955079125086967906099744141101837158203125
1.2136526536995118075168420546106062829494476318359375
-1.0377641205374279476103538399911485612392425537109375
0.5063216103251431121634595911018550395965576171875
0.86755925793687660441122488919063471257686614990234375
-0.86512557069496132111652286766911856830120086669921875
-0.1565791197649220312104745289616403169929981231689453125
-1.2228665074190618877736369540798477828502655029296875
-0.9651414226885191016691578624886460602283477783203125
-0.6123004922772554703414016330498270690441131591796875
-0.52016450193734120599486914215958677232265472412109375
-0.0433994246993318066873968064101063646376132965087890625
-0.325066663332385930029744258717983029782772064208984375
-0.420157812945780528846029255873872898519039154052734375
0.739136450658126165080830105580389499664306640625
-0.6906035424723331317409247276373207569122314453125
1.1052500762900567821134245605207979679107666015625
-0.294519985852492449662776152763399295508861541748046875
-0.262175446504031739447526661024312488734722137451171875
0.8533545454062949620066547140595503151416778564453125
-1.796497823751610045661664116778410971164703369140625
-0.6636542457604435174545187692274339497089385986328125
-0.340869534902454585090225691601517610251903533935546875
-0.62028175431400800476922086090780794620513916015625
-1.4276424003530789885729745947173796594142913818359375
1.0732696685273979131380883700330741703510284423828125
-0.25131990498997136551651010449859313666820526123046875
-0.3124942404356725322855936610721983015537261962890625
0.231824535112124141544853728191810660064220428466796875
1.402544709531518218881274151499383151531219482421875
0.74668622402820006289658749665250070393085479736328125
1.4606706587124744789463193228584714233875274658203125
1.338844894074023184060706626041792333126068115234375
-0.72615099123629500699195205015712417662143707275390625
0.3999280583535120836558007795247249305248260498046875
-0.07432624937854399871373090036286157555878162384033203125
0.033939462567976648454948218613935750909149646759033203125
0.00366796544463776630351503627025522291660308837890625
-0.302170882016768282962715375106199644505977630615234375
0.88192168764921452517313582575297914445400238037109375
1.665587611979032711673198718926869332790374755859375
-0.79687022351658487462344737650710158050060272216796875
0.424808352579055970021926214030827395617961883544921875
1.860675851647446421566201024688780307769775390625
1.1352640349308231737524010895867832005023956298828125
-0.363843850000502566643945101532153785228729248046875
-1.13385687566203063880720947054214775562286376953125
-0.362491671904452916752603641725727356970310211181640625
0.92229338273081740151582152975606732070446014404296875
-0.7683902733012606400819777263677679002285003662109375
-0.61969127656947142757104529664502479135990142822265625
-0.46101827899443303948601169395260512828826904296875
-0.2251648762713023277370893993065692484378814697265625
0.88292536567098067745718026344547979533672332763671875
0.260148251529566276740723651528242044150829315185546875
1.54898477904347497968728930572979152202606201171875
-0.24058411410022928489382820771425031125545501708984375
0.21187218128607454570300205887178890407085418701171875
-0.65560688183237514348178365253261290490627288818359375
0.50422632137203660107616087771020829677581787109375
0.45038231126037431284458989466656930744647979736328125
0.9814174755818398931950241603772155940532684326171875
-0.60441321441870787811723175764200277626514434814453125
0.35694216531124067781632902551791630685329437255859375
-1.7125226227949250645821166472160257399082183837890625
0.4376318080514776109879448995343409478664398193359375
0.00988328585027838969756519560405649826861917972564697265625
-0.61486375725588526819365142728202044963836669921875
-0.452176237866130203979508905831607989966869354248046875
0.215611631017045224378847478874376974999904632568359375
0.92292789980974909713751230810885317623615264892578125
-0.1162865981153962113836541902855969965457916259765625
-0.09127111875560967035880821640603244304656982421875
0.80611692892139930055606100722798146307468414306640625
0.32992491830053405355016593603068031370639801025390625
0.323194580351613414137545987614430487155914306640625
1.55779564301628514755293508642353117465972900390625
-0.233767131099001768124168165741139091551303863525390625
0.78329043905075301790219555186922661960124969482421875
-0.194909787512348831040043251050519756972789764404296875
0.4396208047202747604131900516222231090068817138671875
0.67622640822057988874149714320083148777484893798828125
0.98077229427880008305606907015317119657993316650390625
-0.88547353841869347323978445274406112730503082275390625
-0.9228563543502155130937580906902439892292022705078125
-0.5443636737137629300065100323990918695926666259765625
-0.88408380768004912741986345281475223600864410400390625
-0.0508829819299717878156030792524688877165317535400390625
-0.4712451981778134069145380635745823383331298828125
0.738507064042853045293668401427567005157470703125
1.2795107680119761628390051555470563471317291259765625
0.68706933724608465485772512693074531853199005126953125
0.21895916759604283630125109993969090282917022705078125
0.365029728065723702012945750539074651896953582763671875
1.785450173626916825497801255551166832447052001953125
-0.447351996956503239477598299345117993652820587158203125
-0.8508245213357350511529375580721534788608551025390625
1.1813224162538900063879054869175888597965240478515625
1.211154516899124455875380590441636741161346435546875
-0.745053505863046527935011908994056284427642822265625
-0.140050139784432203793329563268343918025493621826171875
-0.5137063497516758392436031499528326094150543212890625
-0.3492569479544294086537092880462296307086944580078125
-0.444632373716854656375829790704301558434963226318359375
0.0750186434198849283472299021013895981013774871826171875
-0.318967470205810565975212966804974712431430816650390625
0.7209771681102330465051863939152099192142486572265625
-0.2477204159430754504267468973921495489776134490966796875
-0.257707547144441162512151777264080010354518890380859375
-0.04690709345398751117794944320849026553332805633544921875
1.0979296476093824974640256186830811202526092529296875
-0.05593830625380173671157280068655381910502910614013671875
-0.10675518218786912705287051039704238064587116241455078125
-0.8151433409069230862087351852096617221832275390625
0.4026505928713375315197708914638496935367584228515625
1.106933736237209142672099915216676890850067138671875
0.55759204277991802900515949659165926277637481689453125
1.2511836255808954643242714155348949134349822998046875
-0.65377850926341973814004404630395583808422088623046875
-1.7873581114815240145077268607565201818943023681640625
0.3908287128888525696623901239945553243160247802734375
1.1291112313806694888995707515277899801731109619140625
0.005746187146580407356655229023090214468538761138916015625
-0.1015387667242842739678820862536667846143245697021484375
0.4978387956430598837442857984569855034351348876953125
0.0227270281890293128490565521815369720570743083953857421875
0.08566508778869315332560319120602798648178577423095703125
-0.1712579448353863664777918529580347239971160888671875
0.71937286186270998911140850395895540714263916015625
-0.2360382425711024245718050451614544726908206939697265625
-0.91463426023616889448675237872521393001079559326171875
-0.736301211500438146373426206992007791996002197265625
1.169488195519420958845557834138162434101104736328125
-1.091340442466365967533192815608344972133636474609375
0.12230542314394210468009305259329266846179962158203125
-0.544551967296531103102097404189407825469970703125
-0.419659794123125096110271670113434083759784698486328125
0.16935948279789914128201644416549243032932281494140625
-0.588263220486018756361090709106065332889556884765625
0.70820921832479510893421092987409792840480804443359375
-0.81928471155292736938235975685529410839080810546875
0.267964822440235284073395405357587151229381561279296875
-1.2982482675270972105607825142215006053447723388671875
0.1683283231826455950130849714696523733437061309814453125
0.42658122648856766634395398796186782419681549072265625
-0.28687172088252521628959357258281670510768890380859375
0.63986040294852186693930207184166647493839263916015625
0.66133744399031257898968760855495929718017578125
0.030827929615842908361855734256096184253692626953125
1.0341020853643738686145070460042916238307952880859375
-1.54694757182584030630323468358255922794342041015625
0.031461002492534854979577829681147704832255840301513671875
0.52946229712051007254558498971164226531982421875
0.20082869086631605082260421113460324704647064208984375
-0.100657459538168903012689270326518453657627105712890625
-0.0126058369292740037048705659117331379093229770660400390625
-0.7402381599560730052189683192409574985504150390625
-1.18068429336921010275318622007034718990325927734375
-0.451341228601471466941319476973148994147777557373046875
-0.0290101263165339802452269424293263000436127185821533203125
-0.435046776643833066344768667477183043956756591796875
-0.158539894736742514869121123410877771675586700439453125
1.564351035970446890388529936899431049823760986328125
-0.61075915741614306142537316191010177135467529296875
-1.1373969190854733568585288594476878643035888671875
0.394255352826757110573652198581839911639690399169921875
1.0332664924620271751365407908451743423938751220703125
0.8026682610706503684383505969890393316745758056640625
0.6507828305113869671316706444486044347286224365234375
-0.2225763570825797510455146266394876874983310699462890625
1.0778498359910784198945066236774437129497528076171875
1.2659973939516293572893346208729781210422515869140625
-0.28049774033724583777171801557415165007114410400390625
0.28626378298846144598854834839585237205028533935546875
0.864466357484507508246451834565959870815277099609375
-0.07195218517920100309570585750407190062105655670166015625
0.431115720509084698885970965420710854232311248779296875
1.0161784417589940776593948612571693956851959228515625
1.9634334879001809071041861898265779018402099609375
1.70981832556687241009285571635700762271881103515625
1.547813833341690870071261088014580309391021728515625
-0.5440883935417961669855912987259216606616973876953125
0.408012610453119872744309759582392871379852294921875
-0.82521843407966921635221524411463178694248199462890625
-1.2579205724113506903449888341128826141357421875
0.7535606113857526988653035004972480237483978271484375
1.7624653773326730554771302195149473845958709716796875
0.945493660137641800389474155963398516178131103515625
-0.044199273439644394534386862005703733302652835845947265625
-0.47028610599736409003668313744128681719303131103515625
-0.33600738462268864292781245239893905818462371826171875
-1.6124767351199411624662616304703988134860992431640625
1.00650451177548116987736648297868669033050537109375
0.344549557210649226579590731489588506519794464111328125
0.68503531174219933763680501215276308357715606689453125
-1.042160134102628088470510192564688622951507568359375
-1.7526386487205549702395046551828272640705108642578125
0.60464750448012816175236139315529726445674896240234375
-0.6990212451848416552735443474375642836093902587890625
-0.759769694661064587393184410757385194301605224609375
-0.27237233077847822215744599816389381885528564453125
0.473530671219541066108149607316590845584869384765625
1.9874557822284659724942912362166680395603179931640625
-1.01586580234253087695606154738925397396087646484375
-0.31788781363402673907359030636143870651721954345703125
-0.489214355834119152266481478363857604563236236572265625
-0.24964978082922184565717316218069754540920257568359375
0.2181918296584169636442851469837478362023830413818359375
0.63090999819936566250788700926932506263256072998046875
0.771475163166588817631463825819082558155059814453125
-0.269996129738658552366104004249791614711284637451171875
-1.47892560606119527477630981593392789363861083984375
0.258735529889780602186277747023268602788448333740234375
-0.987890089902884849237807429744862020015716552734375
0.41723151139648562146788890458992682397365570068359375
0.6668091570774115073305665646330453455448150634765625
-0.579105791735573749434706769534386694431304931640625
0.386065961488073039475921177654527127742767333984375
0.604238915406232646176931666559539735317230224609375
0.09042873126606065792287836302421055734157562255859375
-0.77092124145785134725628040541778318583965301513671875
-0.96480399509789649403757039181073196232318878173828125
0.729449948663585256980468329857103526592254638671875
0.65033760737224444170578863122500479221343994140625
0.178903872072273539828302091336809098720550537109375
-0.93583151813896103821122096633189357817173004150390625
0.9296917732461924543940767762251198291778564453125
-0.84960597327675768664079214431694708764553070068359375
0.74593870611348733756784668003092519938945770263671875
-0.52539325377959100737967901295633055269718170166015625
-0.383179544289995732686548990386654622852802276611328125
-0.181445481596354374342894288929528556764125823974609375
-0.719972952499425833394752771710045635700225830078125
0.50413424898673719898312128862016834318637847900390625
-1.110542329168976660724865723750554025173187255859375
0.73619722868603443277635278718662448227405548095703125
1.43167074003662353476329371915198862552642822265625
1.2341465200008945313214780981070362031459808349609375
-1.0636171043040347772290488137514330446720123291015625
-0.53100438597072507906915461717289872467517852783203125
0.472664473317934652474292533952393569052219390869140625
0.7075675425515584038294036872684955596923828125
0.91360445606481921476671459458884783089160919189453125
-0.59209627704900846811852943574194796383380889892578125
-0.203309940948840084384841020437306724488735198974609375
1.2316514439735666286424020654521882534027099609375
1.4374151478975363271928245012531988322734832763671875
0.2332920226656885198668334169269655831158161163330078125
-0.11598800476461516850701372050025383941829204559326171875
0.5938774329740377222464076112373732030391693115234375
0.1978849353202707661569803576639969833195209503173828125
0.6091418119492828520122884583543054759502410888671875
1.0346513733512556765248291412717662751674652099609375
-0.188213503501937662321097377571277320384979248046875
0.665821618224443856348671033629216253757476806640625
1.0828675115292434316671688065980561077594757080078125
0.4557289076691670715035797911696135997772216796875
0.9514081046736941882357996291830204427242279052734375
-0.10109992502028609939745962265078560449182987213134765625
0.184384288847250277232348025790997780859470367431640625
1.5055996060579293072123618912883102893829345703125
-0.2403240025869035900729642207807046361267566680908203125
0.422089577824849071507884445964009501039981842041015625
0.98847749627322745169522022479213774204254150390625
1.2399357546064326829338142488268204033374786376953125
0.0038000948763071700116367157562535794568248093128204345703125
-0.7576179661121285047187257077894173562526702880859375
-0.282812108679191875904024300325545482337474822998046875
-0.5400332670558640746349965411354787647724151611328125
-0.348550169090197259347263525341986678540706634521484375
0.285563914465169321754700604287791065871715545654296875
0.66930063221410396323562963516451418399810791015625
0.11257503990656937686853922286900342442095279693603515625
0.86927173659183332166122681883280165493488311767578125
1.6622852494685449453726278079557232558727264404296875
-0.68916585728747625783086050432757474482059478759765625
1.081447269605768202183071480249054729938507080078125
-0.5692953707373364924393399633117951452732086181640625
-0.81181844502503863747477907963912002742290496826171875
0.1005118278829495448434272475424222648143768310546875
-0.3087462358536934292629894116544164717197418212890625
-0.32788533226643823415002998444833792746067047119140625
0.84602192893606209533885476048453710973262786865234375
-0.34539861399304261357912082530674524605274200439453125
-0.3982898221930126769763091942877508699893951416015625
0.05204211273325994036031971745615010149776935577392578125
-0.6482835493866139220386912711546756327152252197265625
0.1302894299690955659531965693531674332916736602783203125
-0.80668965620553845230489287132513709366321563720703125
-0.540999005190622828109781039529480040073394775390625
-1.05086238269487974861249313107691705226898193359375
-0.1592372209540710292774434719831333495676517486572265625
-0.54604982962557879755394196763518266379833221435546875
-1.4739527888812293809905895614065229892730712890625
0.21786986611275771519302679735119454562664031982421875
-0.52457617375442477936076102196238934993743896484375
-0.325393090302011411818483566094073466956615447998046875
-1.3817534305804455296851074308506213128566741943359375
-1.044918568939082081925562306423671543598175048828125
-1.1097499962919765703617258623125962913036346435546875
-1.13556173854303832371215321472845971584320068359375
-0.450304776529654005035041564042330719530582427978515625
-0.038013565437333175778267246869290829636156558990478515625
-0.76314766705527137258258107976871542632579803466796875
1.3144070997945800360895418634754605591297149658203125
1.3334967949175331458633309011929668486118316650390625
0.61225930464557987153995100015890784561634063720703125
-0.9885175224502997792797032161615788936614990234375
-0.92716211738973564049359765704139135777950286865234375
0.0901868714904932866627262910697027109563350677490234375
-0.631102388975506300994311459362506866455078125
-0.532252841636670748215465209796093404293060302734375
-0.6326500101523986341334193639340810477733612060546875
0.95783113796061758460353985356050543487071990966796875
0.353333977217345107657564540204475633800029754638671875
-0.077528109487962459933640957387979142367839813232421875
-0.07907512328715256277877898583028581924736499786376953125
1.041934455562411709905745738069526851177215576171875
0.466992842747599612440723149120458401739597320556640625
1.170673701446411474336173341725952923297882080078125
-0.08555295218331686324386708974998327903449535369873046875
0.53877302715596087079319431722979061305522918701171875
-0.126449963489389693993558694273815490305423736572265625
0.4444456557389668827084960867068730294704437255859375
0.9126504182270303022761481770430691540241241455078125
-1.426679813431539489698707257048226892948150634765625
0.392983973224808991187018136770348064601421356201171875
-0.5785003881176564721755539721925742924213409423828125
1.0398916423647452944578617461957037448883056640625
-0.76234389068845709314103942233487032353878021240234375
1.006276839688917679183077780180610716342926025390625
-1.240914376102494998121983371675014495849609375
0.0721695157657786523497378539104829542338848114013671875
-0.6987251670802105962820860440842807292938232421875
0.47443709100683817414534360068500973284244537353515625
-0.49437066622473613275445813997066579759120941162109375
-0.7715257197742617645275231552659533917903900146484375
0.1832799700856319879971323416611994616687297821044921875
-0.558115481111498556998640196979977190494537353515625
0.8599557278883616096010200635646469891071319580078125
0.8223132176404777116118793856003321707248687744140625
-0.65402601552785111227450443038833327591419219970703125
0.726828920919176280079909702180884778499603271484375
-0.377168039196824123049367472049198113381862640380859375
0.6756861511003913189910008441074751317501068115234375
-0.56075546513403839998801458932575769722461700439453125
0.03497039922632076691666469514530035667121410369873046875
0.75417682537714025858832656012964434921741485595703125
1.25363272228737354652139401878230273723602294921875
-0.79553941432948926948398593594902195036411285400390625
-1.906855694243005050481087891967035830020904541015625
0.660295571227696331817469399538822472095489501953125
1.0748914678744150297262649473850615322589874267578125
0.5772711042473084308568331834976561367511749267578125
-0.235303699473636773742413197396672330796718597412109375
-2.1189273104768080457915857550688087940216064453125
-0.263332809982811555382653523338376544415950775146484375
0.69127109336909919878877417431795038282871246337890625
0.016587149131295296500265834538367926143109798431396484375
-1.645347317176601098509536313940770924091339111328125
-0.311369851370235262155716782217496074736118316650390625
-1.1891528235954480496872065486968494951725006103515625
-0.1546676565757236776477157036424614489078521728515625
-0.37419484248600276554697074971045367419719696044921875
-1.6549976516835387396753276334493421018123626708984375
-1.085645702014842672866734574199654161930084228515625
0.7670595049717612301520830442314036190509796142578125
0.6756530051732807518050094586214981973171234130859375
-0.78523370932039593395046495061251334846019744873046875
1.4289463579721164432356772522325627505779266357421875
-1.6571827265265905992919215350411832332611083984375
-1.3747825932600095111268956316052936017513275146484375
-0.259048744550422538335254785124561749398708343505859375
-1.4301157037801690563583179027773439884185791015625
0.114681604517980872959270755018224008381366729736328125
-1.291956231982054337237286745221354067325592041015625
0.03820450923253727870676499378532753325998783111572265625
0.8328494524536582677143314867862500250339508056640625
-0.013945908518986090129931909586957772262394428253173828125
-0.276954604894679545790125985149643383920192718505859375
0.51206793025030317156875980799668468534946441650390625
1.2057400941067744071233391878195106983184814453125
1.8655816272055594229328789879218675196170806884765625
0.493581692302876684497192627532058395445346832275390625
-0.59134198053145425877374918854911811649799346923828125
-1.03664258259136321527194013469852507114410400390625
0.00097132272410297391951328194181769504211843013763427734375
0.0109591703263532090628640247587100020609796047210693359375
-2.03871929129049789253258495591580867767333984375
0.97311786506708253252639906349941156804561614990234375
-0.07736597687828596081605070367004373110830783843994140625
0.056477565478839857060489038076411816291511058807373046875
1.5729481894602479474798428782378323376178741455078125
-1.7217283327353760657985048965201713144779205322265625
-0.485104092106800222072848782772780396044254302978515625
1.2866581950354269991976252640597522258758544921875
2.358812335913137214760126880719326436519622802734375
1.274207999916466160783556915703229606151580810546875
0.06169635156002663267660324208918609656393527984619140625
-1.04259039995165725400738665484823286533355712890625
0.88015154862849043215788924499065615236759185791015625
0.858121903177086142733287488226778805255889892578125
-0.68058553602292004569562777760438621044158935546875
0.29187753666944782349190745662781409919261932373046875
-0.2069521526071771699850643244644743390381336212158203125
0.75115760384561414131354695200570859014987945556640625
-1.304537768824131749312300598830915987491607666015625
1.2462531114558157430138862764579243957996368408203125
0.83990892373665138048721701125032268464565277099609375
-0.39943159603673394908440741346566937863826751708984375
0.30995180115193310399490655981935560703277587890625
0.57875293735977739739695380194461904466152191162109375
-0.158622479427352802705541989780613221228122711181640625
1.09651962004569458741798371192999184131622314453125
-0.9620566881751664300992388234590180218219757080078125
-0.003111734700096113574729894679649078170768916606903076171875
-0.1782466850998234153546917468702304176986217498779296875
0.432395879900201729473252498792135156691074371337890625
0.37712983006511835437635227208374999463558197021484375
0.6862775359777131267691174798528663814067840576171875
-1.0545220327431061857481608967646025121212005615234375
0.08992711215041419847704418089051614515483379364013671875
-2.253972929111817347092028285260312259197235107421875
-1.079212450648571408606812838115729391574859619140625
0.541784857964647148520498376456089317798614501953125
0.26895538899688731238057926020701415836811065673828125
0.0772418780490065348676154144413885660469532012939453125
-0.261622447456685780498020221784827299416065216064453125
0.386753802176162064796471895533613860607147216796875
0.12266722783779974992324213189931469969451427459716796875
-0.65273837046176497178606723537086509168148040771484375
-0.273622066058706703284286732014152221381664276123046875
0.288780911149374930335653743895818479359149932861328125
-0.388337795054156276197687702733674086630344390869140625
-0.9906920620637789109963478040299378335475921630859375
0.0627112913379547498582411435563699342310428619384765625
-0.49131520010720441948848247193382121622562408447265625
-0.2003136862362724091024546169137465767562389373779296875
1.2862445270436884126041832132614217698574066162109375
0.618164089307149833274479533429257571697235107421875
0.94943598197743506172940897158696316182613372802734375
1.53708489270751424982108801486901938915252685546875
0.037692094576661276661422306233362178318202495574951171875
0.43144939630037926203698361860006116330623626708984375
0.04409905742437343623141288162514683790504932403564453125
-1.18611975198445573909111772081814706325531005859375
-1.53295800695523620760241101379506289958953857421875
-0.60939739220486244253294216832728125154972076416015625
-0.3598808060657947560656566565739922225475311279296875
0.15427363065633470373683167053968645632266998291015625
1.5540080224267212027911000404856167733669281005859375
1.2053443569878570240661019852268509566783905029296875
-0.86838077375745681418806043438962660729885101318359375
-1.6293333190722079084622464506537653505802154541015625
1.697598653980957550402308697812259197235107421875
-0.5755200261786341808800671060453169047832489013671875
0.210780211797228000936144098886870779097080230712890625
0.9052432166119739331833216056111268699169158935546875
0.92164226145641958698462303800624795258045196533203125
-0.424443536590105974237729924425366334617137908935546875
0.497773160474158815613776596364914439618587493896484375
0.9756500592475270128289821514044888317584991455078125
0.43741603223005842693282829714007675647735595703125
-0.043713452431399395237132665670287678949534893035888671875
0.14365008155776737286402067184098996222019195556640625
0.66573269420531833162613111198879778385162353515625
-0.3003999266219476993455828051082789897918701171875
-0.0153682210349266705484705397566358442418277263641357421875
-0.2538164608118782528123347219661809504032135009765625
-0.94781436824544595953767611717921681702136993408203125
0.46152262214554695685109209080110304057598114013671875
0.325090140557982631985822763454052619636058807373046875
-1.7849441479057421844345299177803099155426025390625
0.98788605162032794293480719716171734035015106201171875
-0.6046666063295502713259566007764078676700592041015625
-0.316962375984411959262132540970924310386180877685546875
0.8582619010429175521181832664296962320804595947265625
0.2798318893285358655020900187082588672637939453125
-0.87066152268135443836882814139244146645069122314453125
0.83587635362232737268328719437704421579837799072265625
0.83460452832746401252705936713027767837047576904296875
-0.17137512389944087320969856591545976698398590087890625
1.506228278169361889382571462192572653293609619140625
-0.287055241872002653291673368585179559886455535888671875
-0.11722983299872329066015907983455690555274486541748046875
-0.09814489405955985346086123399800271727144718170166015625
-0.2135065585822568945406629836725187487900257110595703125
2.10454412053959405426439843722619116306304931640625
-0.410557028905944310093190097177284769713878631591796875
-0.10079354614337031337267802655333071015775203704833984375
1.3518107126222063119058702795882709324359893798828125
-0.9564235917596894953618402723805047571659088134765625
-1.1788654908971682999663244117982685565948486328125
0.68865691053567268387070043900166638195514678955078125
2.465432256387071863201754240435548126697540283203125
0.49283531257221657728706531997886486351490020751953125
-0.29332605221342367141090790028101764619350433349609375
-0.554751313620371444557122231344692409038543701171875
0.1936505593281529213900427066619158722460269927978515625
0.64693481835284150083253962293383665382862091064453125
-1.0901370991216923211908351731835864484310150146484375
-0.33164678929054380862595508006052114069461822509765625
0.310448558794865103749316403991542756557464599609375
0.197721734301433971214834173224517144262790679931640625
-0.309537904238896321995611060629016719758510589599609375
0.19497282159191586803359541590907610952854156494140625
-0.296713172595027885325436045604874379932880401611328125
-0.473748996574277658755391939848777838051319122314453125
-0.26618518120883682964716854257858358323574066162109375
0.89214926136042105309087446585181169211864471435546875
-1.059361936609238608042460327851586043834686279296875
-0.77530585418141095832567089018994010984897613525390625
0.468762721558877715199997737727244384586811065673828125
0.832809285475775151752486635814420878887176513671875
-0.2031208303429970218889621946800616569817066192626953125
0.88737416730335472170310140427318401634693145751953125
-0.55950589562492669681859069896745495498180389404296875
-0.74667078473706582908420159583329223096370697021484375
-0.9597850314763094470293935955851338803768157958984375
-1.0435991170164149455246160869137383997440338134765625
-0.097861229067057242669847028082585893571376800537109375
-0.69407185411534666474864252450061030685901641845703125
-0.0756679346516459794269593430726672522723674774169921875
0.57757907186209733740867022788734175264835357666015625
-0.8938604196366657372863073760527186095714569091796875
-0.476184347267531837832876817628857679665088653564453125
1.5811413768084754405407466038013808429241180419921875
-0.1439470170831435857916602572004194371402263641357421875
-0.1864986379832841156822809125515050254762172698974609375
-0.48035353466139429912118430365808308124542236328125
1.3346971265947953355635036132298409938812255859375
0.38452792895188647737114706615102477371692657470703125
-0.5657304407881820207393275268259458243846893310546875
0.37698357219687383956596704592811875045299530029296875
1.0471880350395050829348519982886500656604766845703125
-0.272609660027753719635512652530451305210590362548828125
0.7899414135236149103747038680012337863445281982421875
0.8392500044990229834951378506957553327083587646484375
0.26850046330964494334381242879317142069339752197265625
0.494547189921344665375357863013050518929958343505859375
-0.165922072154016053691094612076994962990283966064453125
0.56731707677258380595475273366901092231273651123046875
0.9431145460161622917638624130631797015666961669921875
-0.495219173942754220529849362719687633216381072998046875
0.097877884334252651665764233257505111396312713623046875
-0.93825833752349774297130124978139065206050872802734375
-0.658365574768538852623578350176103413105010986328125
2.40631332963455957241194482776336371898651123046875
-0.655946143954707405754334104130975902080535888671875
-0.1293642970157848071099948583650984801352024078369140625
0.75705536316248800421391251802560873329639434814453125
1.158867961582768391082254311186261475086212158203125
0.377975499935442160737153471927740611135959625244140625
0.75902640237351837182444569407380186021327972412109375
-1.4796268506144318877204568707384169101715087890625
-0.40800386754701334357520181583822704851627349853515625
-0.367908838618349609550506329469499178230762481689453125
-0.73712375876459146351038498323759995400905609130859375
-0.32608190889173893634023215781780891120433807373046875
0.695450252981951511088709594332613050937652587890625
-1.2356427105974348013006647306610830128192901611328125
0.81273263232658388144358241333975456655025482177734375
0.802558716870018340472370255156420171260833740234375
1.307687427151119852197780346614308655261993408203125
0.3688184124752738046737476906855590641498565673828125
0.281142201903212873848048047875636257231235504150390625
-0.90910699126498062394574617428588680922985076904296875
-0.307114506767903971962141440599225461483001708984375
0.49563746559719812356803458897047676146030426025390625
0.40000489409911821336862658426980488002300262451171875
-0.95842971861584314030579889731598086655139923095703125
-0.50061376852172234652726956483093090355396270751953125
0.56008231990339363282060958226793445646762847900390625
0.357094207929488149932950591392000205814838409423828125
-0.36610070824443241566115148089011199772357940673828125
0.485759123129654912798258692419040016829967498779296875
0.63948580369740282147716925464919768273830413818359375
0.1481769545833333812101528792481985874474048614501953125
-1.5407006270103875689159167450270615518093109130859375
-2.072364298772946700211150528048165142536163330078125
-0.473125373209030086751880617157439701259136199951171875
1.348387029769024803016463920357637107372283935546875
0.6955079521656362118164906860329210758209228515625
0.784590248847567561796267909812740981578826904296875
-0.60907770489990642470701232014107517898082733154296875
-0.96785857762789806457703889464028179645538330078125
-0.04943618341084714262745336554871755652129650115966796875
0.70257691901146213098172665922902524471282958984375
-1.4274711072645878129350194285507313907146453857421875
0.1862680056631713931825089503035997040569782257080078125
-1.52456001654200168360375755582936108112335205078125
-0.2635422491965335733965503095532767474651336669921875
0.258091446570114568803688825937570072710514068603515625
-0.055494507198372615419668107961115310899913311004638671875
1.1174645286810018784962039717356674373149871826171875
0.41794639888715556796938699335441924631595611572265625
-0.348462901279447068159100808770745061337947845458984375
1.726592891245274596911940534482710063457489013671875
-1.9729715085868930746215710314572788774967193603515625
0.31974416769451374786825681439950130879878997802734375
1.3255206507714094588123998619266785681247711181640625
1.86660093724219411370768284541554749011993408203125
-0.0248162069512747086863502232745304354466497898101806640625
-0.7339950990246515427628537509008310735225677490234375
-0.303006501320505050589559914442361332476139068603515625
0.311370255310921717484262671860051341354846954345703125
-1.1465444967809474974274053238332271575927734375
0.07566953382268908068208901340767624787986278533935546875
-1.03779776958192559987992353853769600391387939453125
-0.53275166871582657623918066747137345373630523681640625
-0.1720838026826203293051520404333132319152355194091796875
-1.1232058537005384923901374349952675402164459228515625
1.3291648316646185179479289217852056026458740234375
0.624830955227931195139490228029899299144744873046875
0.1069797105863239672363107501951162703335285186767578125
-0.08375574037405446314874524205151828937232494354248046875
0.81973925476844922144437077804468572139739990234375
-1.690655628906542862210926614352501928806304931640625
-0.7787144756209218865450338853406719863414764404296875
1.168963270032517431928908990812487900257110595703125
-0.19168404242916869950619229712174274027347564697265625
0.367906022504513152693306210494483821094036102294921875
-2.23219509648221592357231202186085283756256103515625
1.1466536761684495981938880504458211362361907958984375
-0.68341329715029186520069970356416888535022735595703125
0.039652703575634697108487358718775794841349124908447265625
0.1644383482077477476313021043097251094877719879150390625
0.70638207287693288716212691724649630486965179443359375
-0.080308778339531705636744618459488265216350555419921875
0.3302517187489624195251280980301089584827423095703125
0.4607432870495598020710303899249993264675140380859375
0.373612708573393514921434643838438205420970916748046875
0.61910575067897488654722337741986848413944244384765625
0.060202487648373249895517034246950061060488224029541015625
-1.130573564333681613192084114416502416133880615234375
1.338875279261897421889671022654511034488677978515625
0.2299867737271001078003251905101933516561985015869140625
-0.91406427285034219654136222743545658886432647705078125
0.9781593634178518126276458133361302316188812255859375
0.52679835658861351443960074902861379086971282958984375
-1.2553435334975018289327408638200722634792327880859375
-1.03624829409726526563417792203836143016815185546875
-0.1890929879462730223149691255457582883536815643310546875
0.569850932721360781130215400480665266513824462890625
2.7022396797438119619982899166643619537353515625
2.304024589573968828659644714207388460636138916015625
-0.12734011958616886506234777698409743607044219970703125
-1.734228927710688594743260182440280914306640625
0.9249502676270917600476195730152539908885955810546875
-0.10596341441298919028302094602622673846781253814697265625
-0.89954134001873209403044029386364854872226715087890625
1.061114575299349827020023440127260982990264892578125
-0.0484444853005914222165984028833918273448944091796875
1.2673392689661067134210270523908548057079315185546875
0.541575020886686075982652255333960056304931640625
-0.1769321040567177483193717080212081782519817352294921875
-0.36780747229789667596122626491705887019634246826171875
0.034272151058178497440298571063976851291954517364501953125
0.01349778362252620871053476747647437150590121746063232421875
-0.53889407673350364635922460365691222250461578369140625
-0.62352812740180152406566094214213080704212188720703125
-0.12192076509387816951601735127042047679424285888671875
-0.506507237686788069908061515889130532741546630859375
-0.5269773323370665618625707793398760259151458740234375
0.9435599198977104862251508166082203388214111328125
-0.9912517330331718223845882675959728658199310302734375
-1.2200695237159486783440343060647137463092803955078125
1.038474506572597544362679400364868342876434326171875
-1.0135956245783948048710954026319086551666259765625
1.1823324617130201996673122266656719148159027099609375
-0.42329036203229453150242989067919552326202392578125
-0.69532605161643179503272449437645263969898223876953125
-0.0820347118267066022223588106498937122523784637451171875
-0.83308891786780192578731885078013874590396881103515625
-0.09384657367994335419592033531444030813872814178466796875
-1.38494381661190057997146141133271157741546630859375
0.5385878515661819410098587468382902443408966064453125
-1.013619913818004203420741760055534541606903076171875
-0.31280467476938211834891490070731379091739654541015625
-0.473029919036143498001223406390636228024959564208984375
0.25589680859979646587731849649571813642978668212890625
0.547714203978145075524253115872852504253387451171875
0.84221246896213985966284099049516953527927398681640625
-0.51101412738347329334231972097768448293209075927734375
0.4550213838691288259497014223597943782806396484375
-0.543290299973879342587679275311529636383056640625
0.1447457585254804668384309707107604481279850006103515625
-0.1079232870188160109403696651497739367187023162841796875
-1.8242344097569247463042074741679243743419647216796875
-1.4755691827469432642061519800336100161075592041015625
0.57684862420462679200028333070804364979267120361328125
0.62121758971803131554878518727491609752178192138671875
-0.61628334143515017817804846345097757875919342041015625
-1.52482926538868479582333748112432658672332763671875
0.089855717506155674545453848622855730354785919189453125
-1.3338849321476076159598278536577709019184112548828125
0.370463873451881531284612947274581529200077056884765625
-1.0765923769079457361641516399686224758625030517578125
-1.350079809947389630764291723608039319515228271484375
-1.8689365249709981586789808716275729238986968994140625
0.58698281251595652019403814847464673221111297607421875
0.56182071675090783369199698427109979093074798583984375
-0.37376463484956745642051600952981971204280853271484375
0.52580352767072657815816683068987913429737091064453125
0.26387419097010222923671562966774217784404754638671875
1.075434231355547609609857317991554737091064453125
0.383345494020280008751200284677906893193721771240234375
-1.4002466745042061457837689886218868196010589599609375
1.0721327119518324622049476602114737033843994140625
0.47137439813389458986847557753208093345165252685546875
0.428031346462837358757269612397067248821258544921875
-0.3637459325550096433943281226675026118755340576171875
0.2945779204999603440029432022129185497760772705078125
-1.0936568135917166255666188590112142264842987060546875
-1.82282329817503097046937909908592700958251953125
-0.0850132060113474585794079985134885646402835845947265625
-0.1325244858381293411309087559857289306819438934326171875
0.442089929813832605010048837357317097485065460205078125
0.52520846823716593743114344761124812066555023193359375
0.484666447372858855136001920982380397617816925048828125
1.4937761194952721144346696746652014553546905517578125
0.320047894971489055304658677414408884942531585693359375
0.42748180389348788832393211123417131602764129638671875
-0.2285285619440668991586562697193585336208343505859375
0.482220042774963442155922166421078145503997802734375
0.469283820099147208626533256392576731741428375244140625
0.1544452657305553644473405938697396777570247650146484375
-0.03323252426919072466393600961964693851768970489501953125
0.352858477446169882529858341513318009674549102783203125
0.28811011871269676110074442476616241037845611572265625
-1.51344892751588222523650983930565416812896728515625
-0.5574224197228530019998515854240395128726959228515625
0.35702474443517839830519733368419110774993896484375
-0.92677682116058968109228999310289509594440460205078125
-1.68844071715435450897757618804462254047393798828125
0.97207676633729789283933087062905542552471160888671875
-0.0297238175113396889404082656938044237904250621795654296875
-0.69149954603987329182501753166434355080127716064453125
-0.84813359942705701666199047394911758601665496826171875
0.2487324070420107446910407134055276401340961456298828125
-0.77877342737895161040029279320151545107364654541015625
0.08580032566409058480960680981297628022730350494384765625
-1.2998318382653855085351324305520392954349517822265625
-0.46042634208115262861582550613093189895153045654296875
0.334136364822334830382288828332093544304370880126953125
0.27987501075066367750565632377401925623416900634765625
-0.821144054615713603340054760337807238101959228515625
1.755522300395760293412195096607320010662078857421875
0.97586053250436821659974384601810015738010406494140625
0.87504703389686155912130516298930160701274871826171875
-0.1255923166283147429655997484587715007364749908447265625
1.230553344259678993921625078655779361724853515625
-0.06516666707489417176279999921462149359285831451416015625
-1.6086419112385588192637442261911928653717041015625
1.2556790966686601773716347452136687934398651123046875
0.76562282989227126162035119705251418054103851318359375
0.48682338835776428620505384969874285161495208740234375
-0.41914108535763017204800462423008866608142852783203125
-0.682233113252843192952923345728777348995208740234375
-0.81616309061219605158754575313651002943515777587890625
-0.19105745114101135850859236597898416221141815185546875
0.82524793954624320324597874787286855280399322509765625
0.6327265481185937456842793835676275193691253662109375
0.395536822298634127559324724643374793231487274169921875
1.009034848913041404472323847585357725620269775390625
-0.67257298182578895140437680311151780188083648681640625
0.2726073805677486916465568356215953826904296875
1.0893483395559917514816561379120685160160064697265625
-1.6535567858690563003420948007260449230670928955078125
0.9512833184876157144316266567329876124858856201171875
-0.286268076490588552207583461495232768356800079345703125
-0.5935749935839818025584690985851921141147613525390625
1.2834076871713129275320852684671990573406219482421875
0.2144630508215221442736009294094401411712169647216796875
0.5147354974705884433916480702464468777179718017578125
-0.136504463393128772086271283114911057054996490478515625
1.3837896119169539321802631093305535614490509033203125
0.56548297435933647658856671114335767924785614013671875
0.55516460391085320491555421540397219359874725341796875
1.5028852473708809167618483115802519023418426513671875
0.36388135368642393618898722706944681704044342041015625
0.66957235581025786874675986837246455252170562744140625
0.038533937192803506543992142496790620498359203338623046875
1.0154548063845594274567929460317827761173248291015625
0.52230554224866720947062503910274244844913482666015625
0.9102943642561516224276374487089924514293670654296875
0.97137303494130955439089802894159220159053802490234375
-1.0406947713439469449525631716824136674404144287109375
0.1036515907702717231853029034027713350951671600341796875
-0.77904256815198313912418370819068513810634613037109375
-0.1164237603717902802547001783750602044165134429931640625
-1.4087843803721271651596680385409854352474212646484375
-1.3994497300701496111940969058196060359477996826171875
1.1781669977949824623664198952610604465007781982421875
-0.43425297715978949941728615158353932201862335205078125
0.120407574102636527602072646914166398346424102783203125
0.7765032767509036926156795743736438453197479248046875
0.250691284962216764942155577955418266355991363525390625
-0.0318165794026868675725694401990040205419063568115234375
-1.05442565724513404035178609774447977542877197265625
0.1598113890260833558354391925604431889951229095458984375
-0.73464771214672108801124750243616290390491485595703125
-0.9912812393594752080616672174073755741119384765625
0.6238791127380076684261211994453333318233489990234375
1.24717911829380145860568518401123583316802978515625
1.287485204342633249297023212420754134654998779296875
-0.44308648823048191189855060656554996967315673828125
-0.324710491329306683017108525746152736246585845947265625
-1.0588132591113945668581663994700647890567779541015625
-0.87246651373985273369981996438582427799701690673828125
0.180359497185553052656104000561754219233989715576171875
-0.6919791395884626883372447991860099136829376220703125
-2.116543871619710248666024199337698519229888916015625
-1.0830506792612457633850908678141422569751739501953125
-0.491705268768723280370380734893842600286006927490234375
0.1552125657929159519010653411896782927215099334716796875
-0.77199913815880039091865683076321147382259368896484375
0.78141080996690792659364888095296919345855712890625
-0.72956553617351593832296430264250375330448150634765625
-0.2238155327196533483924412166743422858417034149169921875
1.8947781053319585620187126551172696053981781005859375
-1.85081747910733351858425521641038358211517333984375
1.349092269472254468354321943479590117931365966796875
-0.1686838102767791724989621116037596948444843292236328125
1.591921005096911923004654454416595399379730224609375
-0.89179453262100227828312881683814339339733123779296875
0.2241865657654752708172196662417263723909854888916015625
0.683028089145718997343692535650916397571563720703125
-0.1979196077486295723968368065470713190734386444091796875
-1.000532843963962914557441763463430106639862060546875
-0.80048642837443162445509869939996860921382904052734375
-0.11638933783229099550027285658870823681354522705078125
-1.6740428672857063929768628440797328948974609375
0.06486036230046295092410701954577234573662281036376953125
-0.89887546305796328649506676811142824590206146240234375
-0.5211737778512068874903206960880197584629058837890625
-1.6889067606948453548199040596955455839633941650390625
-0.480804199600799730962563671710086055099964141845703125
-0.96830535198696254806094430023222230374813079833984375
-1.3642325519381846010702474814024753868579864501953125
-0.8255154095780763423562120806309394538402557373046875
-1.0650169517833372179183015759917907416820526123046875
0.6741996922190838237298748936154879629611968994140625
-0.03911998222429968752322793079656548798084259033203125
0.732789754589302955167795516899786889553070068359375
0.391230533464709206992182544126990251243114471435546875
-0.73485853174670145993019332308904267847537994384765625
-1.2637032498621552090156683334498666226863861083984375
0.13333123868410512447013616110780276358127593994140625
-0.404756958881839656871903798673884011805057525634765625
0.689215041342905454513356744428165256977081298828125
-0.69352168256512580768458064994774758815765380859375
0.61609544371230218207102780070272274315357208251953125
-0.05185282153394239756938333130165119655430316925048828125
-0.01174348425702530229752795776221319101750850677490234375
-1.3019662108047220794304621449555270373821258544921875
-0.030461038633731750413513594821779406629502773284912109375
-1.27226656984571917519133421592414379119873046875
-0.89637947613525759127384162638918496668338775634765625
0.73433607060841399327699718924122862517833709716796875
0.468960389552523115863635894129402004182338714599609375
-0.7566609145748943721088153324672020971775054931640625
-1.087425658013934981482861985568888485431671142578125
-0.155171279373642001520039457318489439785480499267578125
-0.1490357395758008518527049091062508523464202880859375
1.223438105273654485927181667648255825042724609375
-0.53735496780233404923166062872041948139667510986328125
-0.6090230294350333917208217826555483043193817138671875
-0.9694057004402860666658625632408075034618377685546875
-0.52908140213378518357245638981112278997898101806640625
0.054553564628292437743706244646091363392770290374755859375
-0.81731846801317475925685585025348700582981109619140625
0.5572038885089136694972467012121342122554779052734375
0.407980988367508567993269252838217653334140777587890625
0.17594207971963793379899243518593721091747283935546875
-0.87938198319091054333540569132310338318347930908203125
1.2914139601459486694778888704604469239711761474609375
-1.109937431211258651586604173644445836544036865234375
0.7522694603846995509144335301243700087070465087890625
0.816257335444160236903599070501513779163360595703125
-1.534287016099289413517681168741546571254730224609375
0.444821506928225252064379446892417035996913909912109375
-1.3238980054163740351924616334144957363605499267578125
0.065522440482836952213574477354995906352996826171875
-1.1785417973712266626051814455422572791576385498046875
-0.0828420845033564223758304478906211443245410919189453125
-0.66834483650154508094232141957036219537258148193359375
0.884694183174264736635450390167534351348876953125
0.381934568327840395784988913874258287250995635986328125
-0.29132162229429547917192167005850933492183685302734375
0.9686654874614706312030421031522564589977264404296875
0.6025222824028471091395431358250789344310760498046875
-0.188176917455250392041676832377561368048191070556640625
-1.7647960339204480373354044786537997424602508544921875
0.76621165659012502313629511263570748269557952880859375
0.426038279327026481180240580215468071401119232177734375
0.3104042357307843502667310531251132488250732421875
0.92722364430185144623663973106886260211467742919921875
0.12495417103556306914757811910021700896322727203369140625
0.64231802784070979317476712822099216282367706298828125
0.57910214699995032905377456700080074369907379150390625
-0.300669872123346948455946403555572032928466796875
1.1154009232684156671666642068885266780853271484375
-0.589034818323136644124815575196407735347747802734375
1.49569057039071129366902823676355183124542236328125
-0.71057542465402356857140375723247416317462921142578125
-0.420388962723214854033670917488052509725093841552734375
0.59949700975525777035812780013657175004482269287109375
-0.395545362660922383835071514113224111497402191162109375
-0.54142010697704956445619473015540279448032379150390625
0.8249215932189717381817217756179161369800567626953125
-0.282427105516228793558042298172949813306331634521484375
-0.409629220885440570310009888999047689139842987060546875
0.7333672811007492242652006098069250583648681640625
-1.8471558161819083832000387701555155217647552490234375
-1.5482103296755014287811036410857923328876495361328125
1.3190734360879543540789882172248326241970062255859375
-0.1754357140218424648825390477213659323751926422119140625
-0.27665908139373396323890119674615561962127685546875
0.187498421403005932628360596936545334756374359130859375
-0.1226409252396825910746969157116836868226528167724609375
0.7407692438994628592041635783971287310123443603515625
0.58443806170491374718523047704366035759449005126953125
